0 3.17005e-11
0.02 1.16614e-10
0.04 6.39312e-10
0.06 2.33741e-09
0.08 5.24051e-09
0.1 7.13241e-09
0.12 7.4756e-09
0.14 1.15466e-07
0.16 4.786e-06
0.18 0.00012341
0.2 0.00193045
0.22 0.0183156
0.24 0.105399
0.26 0.367879
0.28 0.778801
0.3 1
0.32 0.778801
0.34 0.367879
0.36 0.105399
0.38 0.0183156
0.4 0.00193045
0.42 0.00012341
0.44 4.78512e-06
0.46 1.12535e-07
0.48 1.60523e-09
0.5 1.3888e-11
0.52 7.28773e-14
0.54 2.31952e-16
0.56 4.47774e-19
0.58 5.24289e-22
0.6 3.72337e-25
0.62 1.60381e-28
0.64 4.1901e-32
0.66 6.63968e-36
0.68 6.38151e-40
0.7 3.72008e-44
0.72 1.31533e-48
0.74 2.82077e-53
0.76 3.66906e-58
0.78 2.89464e-63
0.8 1.38512e-68
0.82 4.02006e-74
0.84 7.07671e-80
0.86 7.55583e-86
0.88 4.89312e-92
0.9 1.92195e-98
0.92 4.5788e-105
0.94 6.61627e-112
0.96 5.79866e-119
0.98 3.08244e-126
1 5.77008e-134
1.02 1.6701e-145
1.04 2.33139e-157
1.06 1.60269e-169
1.08 1.44003e-181
1.1 2.09844e-190
1.12 3.51768e-196
1.14 4.4826e-202
1.16 4.31964e-208
1.18 3.13102e-214
1.2 1.37537e-220
1.22 1.81226e-230
1.24 1.44835e-240
1.26 7.02068e-251
1.28 2.06413e-261
1.3 3.68086e-272
1.32 3.9812e-283
1.34 2.61175e-294
1.36 1.0392e-305
1.38 2.50791e-317
1.4 0
1.42 0
1.44 0
1.46 0
1.48 0
1.5 0
1.52 0
1.54 0
1.56 0
1.58 0
1.6 0
1.62 0
1.64 0
1.66 0
1.68 0
1.7 0
1.72 0
1.74 0
1.76 0
1.78 0
1.8 0
1.82 0
1.84 0
1.86 0
1.88 0
1.9 0
1.92 0
1.94 0
1.96 0
1.98 0
2 0


0 1.4192e-08
0.02 1.1398e-08
0.04 5.52247e-09
0.06 1.6296e-09
0.08 3.01145e-10
0.1 4.48461e-11
0.12 1.59113e-11
0.14 1.39681e-11
0.16 1.3889e-11
0.18 1.38874e-11
0.2 1.38885e-11
0.22 1.60523e-09
0.24 1.12535e-07
0.26 4.78511e-06
0.28 0.00012341
0.3 0.00193045
0.32 0.0183156
0.34 0.105399
0.36 0.367879
0.38 0.778801
0.4 1
0.42 0.778801
0.44 0.36788
0.46 0.105399
0.48 0.0183156
0.5 0.00193046
0.52 0.00012341
0.54 4.78512e-06
0.56 1.12535e-07
0.58 1.60523e-09
0.6 1.3888e-11
0.62 7.28773e-14
0.64 2.31953e-16
0.66 4.47774e-19
0.68 5.24289e-22
0.7 3.72337e-25
0.72 1.60381e-28
0.74 4.1901e-32
0.76 6.63969e-36
0.78 6.38151e-40
0.8 3.72008e-44
0.82 1.31533e-48
0.84 2.82078e-53
0.86 3.66907e-58
0.88 2.89465e-63
0.9 1.38512e-68
0.92 4.02007e-74
0.94 7.07671e-80
0.96 7.55584e-86
0.98 4.89312e-92
1 1.15467e-98
1.02 7.43808e-109
1.04 2.15823e-119
1.06 2.90111e-130
1.08 1.85238e-141
1.1 8.17759e-153
1.12 9.41212e-161
1.14 6.72927e-169
1.16 2.99368e-177
1.18 9.907e-185
1.2 2.09844e-190
1.22 3.51769e-196
1.24 4.4826e-202
1.26 4.31964e-208
1.28 3.13102e-214
1.3 1.37537e-220
1.32 1.81226e-230
1.34 1.44835e-240
1.36 7.02069e-251
1.38 2.06414e-261
1.4 3.68087e-272
1.42 3.9812e-283
1.44 2.61175e-294
1.46 1.03921e-305
1.48 2.50791e-317
1.5 0
1.52 0
1.54 0
1.56 0
1.58 0
1.6 0
1.62 0
1.64 0
1.66 0
1.68 0
1.7 0
1.72 0
1.74 0
1.76 0
1.78 0
1.8 0
1.82 0
1.84 0
1.86 0
1.88 0
1.9 0
1.92 0
1.94 0
1.96 0
1.98 0
2 0


0 5.48115e-11
0.02 1.4831e-10
0.04 7.78936e-10
0.06 2.67411e-09
0.08 5.61545e-09
0.1 7.15593e-09
0.12 5.5276e-09
0.14 2.59116e-09
0.16 7.43277e-10
0.18 1.38864e-10
0.2 2.68527e-11
0.22 1.47031e-11
0.24 1.39208e-11
0.26 1.38911e-11
0.28 1.38904e-11
0.3 1.38902e-11
0.32 1.60523e-09
0.34 1.12535e-07
0.36 4.78511e-06
0.38 0.00012341
0.4 0.00193045
0.42 0.0183156
0.44 0.105399
0.46 0.367879
0.48 0.778801
0.5 1
0.52 0.778801
0.54 0.36788
0.56 0.105399
0.58 0.0183156
0.6 0.00193046
0.62 0.00012341
0.64 4.78512e-06
0.66 1.12535e-07
0.68 1.60523e-09
0.7 1.3888e-11
0.72 7.28774e-14
0.74 2.31953e-16
0.76 4.47774e-19
0.78 5.2429e-22
0.8 3.72337e-25
0.82 1.60381e-28
0.84 4.1901e-32
0.86 6.63969e-36
0.88 6.38152e-40
0.9 3.72009e-44
0.92 1.31533e-48
0.94 2.82078e-53
0.96 3.66907e-58
0.98 2.89465e-63
1 8.65189e-69
1.02 1.45337e-77
1.04 1.00737e-86
1.06 2.99143e-96
1.08 3.93484e-106
1.1 3.31847e-116
1.12 4.06708e-123
1.14 3.11233e-130
1.16 1.48553e-137
1.18 4.41784e-145
1.2 8.1776e-153
1.22 9.41214e-161
1.24 6.72928e-169
1.26 2.99369e-177
1.28 9.90702e-185
1.3 2.09844e-190
1.32 3.51769e-196
1.34 4.48261e-202
1.36 4.31965e-208
1.38 3.13103e-214
1.4 1.37537e-220
1.42 1.81226e-230
1.44 1.44835e-240
1.46 7.0207e-251
1.48 2.06414e-261
1.5 3.68087e-272
1.52 3.98121e-283
1.54 2.61175e-294
1.56 1.03921e-305
1.58 2.50791e-317
1.6 0
1.62 0
1.64 0
1.66 0
1.68 0
1.7 0
1.72 0
1.74 0
1.76 0
1.78 0
1.8 0
1.82 0
1.84 0
1.86 0
1.88 0
1.9 0
1.92 0
1.94 0
1.96 0
1.98 0
2 0


0 1.38882e-11
0.02 1.38881e-11
0.04 1.38895e-11
0.06 1.39225e-11
0.08 1.4785e-11
0.1 2.7935e-11
0.12 1.47102e-10
0.14 7.78889e-10
0.16 2.67411e-09
0.18 5.61545e-09
0.2 7.15593e-09
0.22 5.5276e-09
0.24 2.59116e-09
0.26 7.43277e-10
0.28 1.38864e-10
0.3 2.68533e-11
0.32 1.47028e-11
0.34 1.392e-11
0.36 1.38899e-11
0.38 1.38883e-11
0.4 1.38882e-11
0.42 1.60523e-09
0.44 1.12535e-07
0.46 4.78511e-06
0.48 0.00012341
0.5 0.00193045
0.52 0.0183156
0.54 0.105399
0.56 0.367879
0.58 0.778801
0.6 1
0.62 0.778801
0.64 0.36788
0.66 0.105399
0.68 0.0183157
0.7 0.00193046
0.72 0.00012341
0.74 4.78512e-06
0.76 1.12535e-07
0.78 1.60523e-09
0.8 1.3888e-11
0.82 7.28774e-14
0.84 2.31953e-16
0.86 4.47774e-19
0.88 5.2429e-22
0.9 3.72337e-25
0.92 1.60382e-28
0.94 4.19011e-32
0.96 6.6397e-36
0.98 6.38152e-40
1 2.42397e-44
1.02 1.28513e-51
1.04 2.51857e-59
1.06 1.9165e-67
1.08 5.91594e-76
1.1 1.06585e-84
1.12 1.354e-90
1.14 1.0799e-96
1.16 5.40147e-103
1.18 1.69248e-109
1.2 3.31848e-116
1.22 4.06709e-123
1.24 3.11233e-130
1.26 1.48553e-137
1.28 4.41785e-145
1.3 8.17761e-153
1.32 9.41215e-161
1.34 6.72929e-169
1.36 2.99369e-177
1.38 9.90703e-185
1.4 2.09844e-190
1.42 3.51769e-196
1.44 4.48261e-202
1.46 4.31965e-208
1.48 3.13103e-214
1.5 1.37538e-220
1.52 1.81227e-230
1.54 1.44836e-240
1.56 7.02071e-251
1.58 2.06414e-261
1.6 3.68088e-272
1.62 3.98122e-283
1.64 2.61176e-294
1.66 1.03921e-305
1.68 2.50791e-317
1.7 0
1.72 0
1.74 0
1.76 0
1.78 0
1.8 0
1.82 0
1.84 0
1.86 0
1.88 0
1.9 0
1.92 0
1.94 0
1.96 0
1.98 0
2 0


0 1.38876e-11
0.02 1.38878e-11
0.04 1.389e-11
0.06 1.38903e-11
0.08 1.38907e-11
0.1 1.389e-11
0.12 1.38903e-11
0.14 1.38904e-11
0.16 1.39225e-11
0.18 1.47843e-11
0.2 2.79356e-11
0.22 1.47102e-10
0.24 7.78888e-10
0.26 2.67411e-09
0.28 5.61545e-09
0.3 7.15593e-09
0.32 5.5276e-09
0.34 2.59116e-09
0.36 7.43277e-10
0.38 1.38864e-10
0.4 2.68527e-11
0.42 1.4703e-11
0.44 1.39207e-11
0.46 1.38896e-11
0.48 1.38891e-11
0.5 1.38894e-11
0.52 1.60523e-09
0.54 1.12535e-07
0.56 4.78511e-06
0.58 0.00012341
0.6 0.00193045
0.62 0.0183156
0.64 0.105399
0.66 0.367879
0.68 0.778801
0.7 1
0.72 0.778801
0.74 0.36788
0.76 0.105399
0.78 0.0183157
0.8 0.00193046
0.82 0.00012341
0.84 4.78513e-06
0.86 1.12535e-07
0.88 1.60523e-09
0.9 1.3888e-11
0.92 7.28774e-14
0.94 2.31953e-16
0.96 4.47775e-19
0.98 5.2429e-22
1 2.53166e-25
1.02 5.28052e-31
1.04 3.56851e-37
1.06 8.30621e-44
1.08 7.03846e-51
1.1 3.10342e-58
1.12 3.97831e-63
1.14 3.21839e-68
1.16 1.64152e-73
1.18 5.2733e-79
1.2 1.06585e-84
1.22 1.354e-90
1.24 1.0799e-96
1.26 5.40148e-103
1.28 1.69248e-109
1.3 3.31848e-116
1.32 4.06709e-123
1.34 3.11233e-130
1.36 1.48553e-137
1.38 4.41785e-145
1.4 8.17762e-153
1.42 9.41216e-161
1.44 6.7293e-169
1.46 2.9937e-177
1.48 9.90704e-185
1.5 2.09845e-190
1.52 3.5177e-196
1.54 4.48262e-202
1.56 4.31966e-208
1.58 3.13103e-214
1.6 1.37538e-220
1.62 1.81227e-230
1.64 1.44836e-240
1.66 7.02072e-251
1.68 2.06415e-261
1.7 3.68089e-272
1.72 3.98122e-283
1.74 2.61176e-294
1.76 1.03921e-305
1.78 2.50791e-317
1.8 0
1.82 0
1.84 0
1.86 0
1.88 0
1.9 0
1.92 0
1.94 0
1.96 0
1.98 0
2 0


0 1.38879e-11
0.02 1.38878e-11
0.04 1.38868e-11
0.06 1.38859e-11
0.08 1.38875e-11
0.1 1.38885e-11
0.12 1.38875e-11
0.14 1.38892e-11
0.16 1.38891e-11
0.18 1.38887e-11
0.2 1.3888e-11
0.22 1.38889e-11
0.24 1.38897e-11
0.26 1.39222e-11
0.28 1.47842e-11
0.3 2.7935e-11
0.32 1.47102e-10
0.34 7.78889e-10
0.36 2.67411e-09
0.38 5.61545e-09
0.4 7.15593e-09
0.42 5.5276e-09
0.44 2.59116e-09
0.46 7.43279e-10
0.48 1.38866e-10
0.5 2.68533e-11
0.52 1.47034e-11
0.54 1.39203e-11
0.56 1.38907e-11
0.58 1.38891e-11
0.6 1.38885e-11
0.62 1.60523e-09
0.64 1.12535e-07
0.66 4.78511e-06
0.68 0.00012341
0.7 0.00193045
0.72 0.0183156
0.74 0.105399
0.76 0.367879
0.78 0.778801
0.8 1
0.82 0.778801
0.84 0.36788
0.86 0.105399
0.88 0.0183157
0.9 0.00193046
0.92 0.00012341
0.94 4.78513e-06
0.96 1.12535e-07
0.98 1.60521e-09
1 9.80833e-12
1.02 1.01939e-15
1.04 2.96963e-20
1.06 2.59665e-25
1.08 7.27386e-31
1.1 9.25256e-37
1.12 1.171e-40
1.14 9.38674e-45
1.16 4.7633e-49
1.18 1.52918e-53
1.2 3.10342e-58
1.22 3.97831e-63
1.24 3.2184e-68
1.26 1.64152e-73
1.28 5.2733e-79
1.3 1.06585e-84
1.32 1.35401e-90
1.34 1.0799e-96
1.36 5.40148e-103
1.38 1.69248e-109
1.4 3.31848e-116
1.42 4.0671e-123
1.44 3.11234e-130
1.46 1.48553e-137
1.48 4.41786e-145
1.5 8.17763e-153
1.52 9.41218e-161
1.54 6.72931e-169
1.56 2.9937e-177
1.58 9.90705e-185
1.6 2.09845e-190
1.62 3.5177e-196
1.64 4.48262e-202
1.66 4.31966e-208
1.68 3.13104e-214
1.7 1.37538e-220
1.72 1.81227e-230
1.74 1.44836e-240
1.76 7.02073e-251
1.78 2.06415e-261
1.8 3.68089e-272
1.82 3.98123e-283
1.84 2.61177e-294
1.86 1.03921e-305
1.88 2.50791e-317
1.9 0
1.92 0
1.94 0
1.96 0
1.98 0
2 0


0 1.38884e-11
0.02 1.38881e-11
0.04 1.38893e-11
0.06 1.38884e-11
0.08 1.38865e-11
0.1 1.38862e-11
0.12 1.38864e-11
0.14 1.38861e-11
0.16 1.38856e-11
0.18 1.38874e-11
0.2 1.3888e-11
0.22 1.38878e-11
0.24 1.38898e-11
0.26 1.38888e-11
0.28 1.38894e-11
0.3 1.38892e-11
0.32 1.38891e-11
0.34 1.38896e-11
0.36 1.39241e-11
0.38 1.47862e-11
0.4 2.79356e-11
0.42 1.47102e-10
0.44 7.78888e-10
0.46 2.67411e-09
0.48 5.61545e-09
0.5 7.15593e-09
0.52 5.5276e-09
0.54 2.59117e-09
0.56 7.4328e-10
0.58 1.38865e-10
0.6 2.68545e-11
0.62 1.4704e-11
0.64 1.39209e-11
0.66 1.38905e-11
0.68 1.38897e-11
0.7 1.38908e-11
0.72 1.60523e-09
0.74 1.12535e-07
0.76 4.78511e-06
0.78 0.00012341
0.8 0.00193045
0.82 0.0183156
0.84 0.105399
0.86 0.367879
0.88 0.778801
0.9 1
0.92 0.778801
0.94 0.36788
0.96 0.105398
0.98 0.0182814
1 0.00140053
1.02 9.05382e-06
1.04 1.43375e-08
1.06 5.91627e-12
1.08 6.79702e-16
1.1 3.04104e-20
1.12 3.76693e-23
1.14 2.95584e-26
1.16 1.46982e-29
1.18 4.63231e-33
1.2 9.25257e-37
1.22 1.171e-40
1.24 9.38674e-45
1.26 4.7633e-49
1.28 1.52918e-53
1.3 3.10343e-58
1.32 3.97832e-63
1.34 3.2184e-68
1.36 1.64152e-73
1.38 5.27331e-79
1.4 1.06585e-84
1.42 1.35401e-90
1.44 1.07991e-96
1.46 5.40149e-103
1.48 1.69248e-109
1.5 3.31849e-116
1.52 4.0671e-123
1.54 3.11234e-130
1.56 1.48553e-137
1.58 4.41786e-145
1.6 8.17764e-153
1.62 9.41219e-161
1.64 6.72931e-169
1.66 2.9937e-177
1.68 9.90706e-185
1.7 2.09845e-190
1.72 3.51771e-196
1.74 4.48263e-202
1.76 4.31967e-208
1.78 3.13104e-214
1.8 1.37538e-220
1.82 1.81227e-230
1.84 1.44836e-240
1.86 7.02074e-251
1.88 2.06415e-261
1.9 3.6809e-272
1.92 3.98124e-283
1.94 2.61177e-294
1.96 1.03921e-305
1.98 2.50791e-317
2 0


0 1.38879e-11
0.02 1.38881e-11
0.04 1.38872e-11
0.06 1.38862e-11
0.08 1.38875e-11
0.1 1.38876e-11
0.12 1.38884e-11
0.14 1.38899e-11
0.16 1.38881e-11
0.18 1.38873e-11
0.2 1.38874e-11
0.22 1.38866e-11
0.24 1.38861e-11
0.26 1.38875e-11
0.28 1.38894e-11
0.3 1.38885e-11
0.32 1.38881e-11
0.34 1.38895e-11
0.36 1.38899e-11
0.38 1.38894e-11
0.4 1.38883e-11
0.42 1.38897e-11
0.44 1.38914e-11
0.46 1.39248e-11
0.48 1.47857e-11
0.5 2.79368e-11
0.52 1.47103e-10
0.54 7.78889e-10
0.56 2.67411e-09
0.58 5.61545e-09
0.6 7.15593e-09
0.62 5.5276e-09
0.64 2.59117e-09
0.66 7.4328e-10
0.68 1.38866e-10
0.7 2.68541e-11
0.72 1.47048e-11
0.74 1.3921e-11
0.76 1.38911e-11
0.78 1.38686e-11
0.8 9.81092e-12
0.82 1.14105e-09
0.84 8.04736e-08
0.86 3.44045e-06
0.88 8.91594e-05
0.9 0.00140052
0.92 0.013334
0.94 0.0769429
0.96 0.26909
0.98 0.570348
1 0.732635
1.02 0.345333
1.04 0.0365765
1.06 0.000899038
1.08 5.38401e-06
1.1 1.07235e-08
1.12 1.32196e-10
1.14 1.02612e-12
1.16 5.02434e-15
1.18 1.55423e-17
1.2 3.04104e-20
1.22 3.76693e-23
1.24 2.95584e-26
1.26 1.46982e-29
1.28 4.63231e-33
1.3 9.25257e-37
1.32 1.171e-40
1.34 9.38675e-45
1.36 4.76331e-49
1.38 1.52918e-53
1.4 3.10343e-58
1.42 3.97832e-63
1.44 3.2184e-68
1.46 1.64152e-73
1.48 5.27331e-79
1.5 1.06585e-84
1.52 1.35401e-90
1.54 1.07991e-96
1.56 5.4015e-103
1.58 1.69249e-109
1.6 3.31849e-116
1.62 4.06711e-123
1.64 3.11235e-130
1.66 1.48554e-137
1.68 4.41787e-145
1.7 8.17765e-153
1.72 9.4122e-161
1.74 6.72932e-169
1.76 2.99371e-177
1.78 9.90707e-185
1.8 2.09845e-190
1.82 3.51771e-196
1.84 4.48263e-202
1.86 4.31967e-208
1.88 3.13105e-214
1.9 1.37538e-220
1.92 1.81228e-230
1.94 1.44836e-240
1.96 7.02076e-251
1.98 2.06416e-261
2 3.6809e-272


0 1.38877e-11
0.02 1.38886e-11
0.04 1.38903e-11
0.06 1.38891e-11
0.08 1.38883e-11
0.1 1.38894e-11
0.12 1.38883e-11
0.14 1.38871e-11
0.16 1.38881e-11
0.18 1.38894e-11
0.2 1.38882e-11
0.22 1.38887e-11
0.24 1.38896e-11
0.26 1.38892e-11
0.28 1.38873e-11
0.3 1.38865e-11
0.32 1.38872e-11
0.34 1.38878e-11
0.36 1.38882e-11
0.38 1.38889e-11
0.4 1.38898e-11
0.42 1.38887e-11
0.44 1.38901e-11
0.46 1.38897e-11
0.48 1.389e-11
0.5 1.38906e-11
0.52 1.38901e-11
0.54 1.38915e-11
0.56 1.39247e-11
0.58 1.47866e-11
0.6 2.79364e-11
0.62 1.47104e-10
0.64 7.78889e-10
0.66 2.67411e-09
0.68 5.61543e-09
0.7 7.15185e-09
0.72 5.06343e-09
0.74 -2.94701e-08
0.76 -1.34391e-06
0.78 -3.425e-05
0.8 -0.000529932
0.82 -0.00498159
0.84 -0.0284562
0.86 -0.0987889
0.88 -0.208453
0.9 -0.267365
0.92 -0.208453
0.94 -0.0987886
0.96 -0.0284513
0.98 -0.00485816
1 0.00140052
1.02 0.0503864
1.04 0.406667
1.06 0.725134
1.08 0.288036
1.1 0.0333139
1.12 0.00432432
1.14 0.000348149
1.16 1.74512e-05
1.18 5.46488e-07
1.2 1.07235e-08
1.22 1.32196e-10
1.24 1.02612e-12
1.26 5.02434e-15
1.28 1.55423e-17
1.3 3.04104e-20
1.32 3.76694e-23
1.34 2.95584e-26
1.36 1.46982e-29
1.38 4.63232e-33
1.4 9.25258e-37
1.42 1.171e-40
1.44 9.38676e-45
1.46 4.76331e-49
1.48 1.52918e-53
1.5 3.10343e-58
1.52 3.97832e-63
1.54 3.21841e-68
1.56 1.64153e-73
1.58 5.27332e-79
1.6 1.06585e-84
1.62 1.35401e-90
1.64 1.07991e-96
1.66 5.4015e-103
1.68 1.69249e-109
1.7 3.3185e-116
1.72 4.06711e-123
1.74 3.11235e-130
1.76 1.48554e-137
1.78 4.41787e-145
1.8 8.17766e-153
1.82 9.41221e-161
1.84 6.72933e-169
1.86 2.99371e-177
1.88 9.90708e-185
1.9 2.09846e-190
1.92 3.51771e-196
1.94 4.48264e-202
1.96 4.31968e-208
1.98 3.13105e-214
2 1.37539e-220


0 1.38879e-11
0.02 1.38876e-11
0.04 1.3887e-11
0.06 1.38877e-11
0.08 1.38888e-11
0.1 1.38884e-11
0.12 1.38889e-11
0.14 1.38899e-11
0.16 1.38901e-11
0.18 1.38883e-11
0.2 1.38885e-11
0.22 1.38889e-11
0.24 1.38888e-11
0.26 1.38888e-11
0.28 1.3889e-11
0.3 1.38894e-11
0.32 1.38893e-11
0.34 1.38902e-11
0.36 1.3889e-11
0.38 1.38878e-11
0.4 1.38887e-11
0.42 1.38876e-11
0.44 1.38879e-11
0.46 1.38881e-11
0.48 1.38898e-11
0.5 1.38893e-11
0.52 1.38896e-11
0.54 1.38901e-11
0.56 1.38903e-11
0.58 1.38689e-11
0.6 9.81072e-12
0.62 -4.50283e-10
0.64 -3.20474e-08
0.66 -1.34464e-06
0.68 -3.42501e-05
0.7 -0.000529932
0.72 -0.00498159
0.74 -0.0284562
0.76 -0.0987889
0.78 -0.208453
0.8 -0.267365
0.82 -0.208453
0.84 -0.0987887
0.86 -0.0284561
0.88 -0.00498157
0.9 -0.00052993
0.92 -3.42499e-05
0.94 -1.34463e-06
0.96 -3.17418e-08
0.98 1.74961e-08
1 6.81967e-07
1.02 0.000100229
1.04 0.00505167
1.06 0.0655096
1.08 0.256475
1.1 0.595679
1.12 0.903691
1.14 0.829781
1.16 0.46368
1.18 0.15851
1.2 0.0333139
1.22 0.00432432
1.24 0.000348149
1.26 1.74512e-05
1.28 5.46488e-07
1.3 1.07235e-08
1.32 1.32196e-10
1.34 1.02612e-12
1.36 5.02434e-15
1.38 1.55423e-17
1.4 3.04104e-20
1.42 3.76694e-23
1.44 2.95585e-26
1.46 1.46982e-29
1.48 4.63232e-33
1.5 9.25259e-37
1.52 1.171e-40
1.54 9.38677e-45
1.56 4.76331e-49
1.58 1.52918e-53
1.6 3.10344e-58
1.62 3.97833e-63
1.64 3.21841e-68
1.66 1.64153e-73
1.68 5.27333e-79
1.7 1.06585e-84
1.72 1.35401e-90
1.74 1.07991e-96
1.76 5.40151e-103
1.78 1.69249e-109
1.8 3.3185e-116
1.82 4.06712e-123
1.84 3.11235e-130
1.86 1.48554e-137
1.88 4.41788e-145
1.9 8.17767e-153
1.92 9.41223e-161
1.94 6.72934e-169
1.96 2.99372e-177
1.98 9.90709e-185
2 2.09846e-190


0 1.38879e-11
0.02 1.38872e-11
0.04 1.38876e-11
0.06 1.38896e-11
0.08 1.38883e-11
0.1 1.38873e-11
0.12 1.38882e-11
0.14 1.38887e-11
0.16 1.38884e-11
0.18 1.38883e-11
0.2 1.38897e-11
0.22 1.38895e-11
0.24 1.38905e-11
0.26 1.389e-11
0.28 1.38889e-11
0.3 1.38907e-11
0.32 1.38893e-11
0.34 1.38889e-11
0.36 1.38887e-11
0.38 1.38898e-11
0.4 1.3889e-11
0.42 1.38901e-11
0.44 1.38902e-11
0.46 1.38896e-11
0.48 1.38668e-11
0.5 9.80885e-12
0.52 -4.50285e-10
0.54 -3.20474e-08
0.56 -1.34464e-06
0.58 -3.42501e-05
0.6 -0.000529933
0.62 -0.00498159
0.64 -0.0284562
0.66 -0.0987889
0.68 -0.208453
0.7 -0.267365
0.72 -0.208453
0.74 -0.0987887
0.76 -0.0284561
0.78 -0.00498157
0.8 -0.00052993
0.82 -3.42498e-05
0.84 -1.34386e-06
0.86 -2.90816e-08
0.88 2.30977e-08
0.9 6.89109e-07
0.92 1.66839e-05
0.94 0.000261154
0.96 0.00260236
0.98 0.016392
1 0.0647708
1.02 0.179652
1.04 0.142506
1.06 0.0247178
1.08 0.000910318
1.1 3.26278e-05
1.12 0.000662804
1.14 0.0079269
1.16 0.0561065
1.18 0.23632
1.2 0.595679
1.22 0.903691
1.24 0.829781
1.26 0.46368
1.28 0.15851
1.3 0.0333139
1.32 0.00432432
1.34 0.000348149
1.36 1.74512e-05
1.38 5.46489e-07
1.4 1.07235e-08
1.42 1.32197e-10
1.44 1.02612e-12
1.46 5.02435e-15
1.48 1.55423e-17
1.5 3.04104e-20
1.52 3.76694e-23
1.54 2.95585e-26
1.56 1.46982e-29
1.58 4.63232e-33
1.6 9.25259e-37
1.62 1.171e-40
1.64 9.38678e-45
1.66 4.76332e-49
1.68 1.52918e-53
1.7 3.10344e-58
1.72 3.97833e-63
1.74 3.21841e-68
1.76 1.64153e-73
1.78 5.27333e-79
1.8 1.06585e-84
1.82 1.35401e-90
1.84 1.07991e-96
1.86 5.40151e-103
1.88 1.69249e-109
1.9 3.3185e-116
1.92 4.06712e-123
1.94 3.11236e-130
1.96 1.48554e-137
1.98 4.41789e-145
2 8.17769e-153


0 1.3888e-11
0.02 1.38883e-11
0.04 1.38881e-11
0.06 1.38882e-11
0.08 1.38886e-11
0.1 1.38896e-11
0.12 1.38877e-11
0.14 1.38882e-11
0.16 1.38895e-11
0.18 1.38888e-11
0.2 1.38895e-11
0.22 1.38886e-11
0.24 1.38888e-11
0.26 1.38883e-11
0.28 1.38892e-11
0.3 1.38892e-11
0.32 1.38904e-11
0.34 1.38905e-11
0.36 1.38905e-11
0.38 1.38678e-11
0.4 9.81085e-12
0.42 -4.50284e-10
0.44 -3.20474e-08
0.46 -1.34464e-06
0.48 -3.42501e-05
0.5 -0.000529933
0.52 -0.00498159
0.54 -0.0284562
0.56 -0.098789
0.58 -0.208453
0.6 -0.267365
0.62 -0.208453
0.64 -0.0987887
0.66 -0.0284561
0.68 -0.00498157
0.7 -0.00052993
0.72 -3.42499e-05
0.74 -1.34463e-06
0.76 -3.17418e-08
0.78 1.74962e-08
0.8 6.81967e-07
0.82 1.66784e-05
0.84 0.000261151
0.86 0.00260236
0.88 0.016392
0.9 0.0647708
0.92 0.159194
0.94 0.241116
0.96 0.22277
0.98 0.124182
1 0.0412832
1.02 0.0436954
1.04 0.0445527
1.06 0.0108937
1.08 0.000666018
1.1 1.40146e-05
1.12 7.27863e-07
1.14 2.50109e-08
1.16 1.63927e-08
1.18 9.41033e-07
1.2 3.26278e-05
1.22 0.000662804
1.24 0.0079269
1.26 0.0561065
1.28 0.23632
1.3 0.595679
1.32 0.903691
1.34 0.829781
1.36 0.46368
1.38 0.15851
1.4 0.0333139
1.42 0.00432432
1.44 0.000348149
1.46 1.74512e-05
1.48 5.46489e-07
1.5 1.07235e-08
1.52 1.32197e-10
1.54 1.02612e-12
1.56 5.02435e-15
1.58 1.55423e-17
1.6 3.04105e-20
1.62 3.76694e-23
1.64 2.95585e-26
1.66 1.46982e-29
1.68 4.63233e-33
1.7 9.2526e-37
1.72 1.17101e-40
1.74 9.38678e-45
1.76 4.76332e-49
1.78 1.52918e-53
1.8 3.10344e-58
1.82 3.97834e-63
1.84 3.21842e-68
1.86 1.64153e-73
1.88 5.27334e-79
1.9 1.06586e-84
1.92 1.35402e-90
1.94 1.07991e-96
1.96 5.40152e-103
1.98 1.69249e-109
2 3.31851e-116


0 1.38881e-11
0.02 1.38883e-11
0.04 1.38881e-11
0.06 1.3888e-11
0.08 1.38879e-11
0.1 1.38903e-11
0.12 1.38888e-11
0.14 1.38882e-11
0.16 1.38881e-11
0.18 1.38895e-11
0.2 1.38891e-11
0.22 1.38886e-11
0.24 1.38883e-11
0.26 1.389e-11
0.28 1.38677e-11
0.3 9.80964e-12
0.32 -4.50285e-10
0.34 -3.20474e-08
0.36 -1.34464e-06
0.38 -3.42501e-05
0.4 -0.000529933
0.42 -0.00498159
0.44 -0.0284562
0.46 -0.098789
0.48 -0.208453
0.5 -0.267365
0.52 -0.208453
0.54 -0.0987887
0.56 -0.0284561
0.58 -0.00498157
0.6 -0.00052993
0.62 -3.42499e-05
0.64 -1.34463e-06
0.66 -3.17418e-08
0.68 1.74962e-08
0.7 6.81968e-07
0.72 1.66784e-05
0.74 0.000261151
0.76 0.00260236
0.78 0.016392
0.8 0.0647708
0.82 0.159194
0.84 0.241116
0.86 0.22277
0.88 0.124182
0.9 0.0412832
0.92 0.00808549
0.94 0.000921338
0.96 6.03177e-05
0.98 2.24092e-06
1 4.67341e-08
1.02 5.55195e-06
1.04 0.000569802
1.06 0.0114497
1.08 0.0482808
1.1 0.0516013
1.12 0.0248242
1.14 0.00748927
1.16 0.00143413
1.18 0.000176176
1.2 1.40146e-05
1.22 7.27863e-07
1.24 2.50109e-08
1.26 1.63927e-08
1.28 9.41033e-07
1.3 3.26278e-05
1.32 0.000662804
1.34 0.0079269
1.36 0.0561065
1.38 0.23632
1.4 0.595679
1.42 0.903691
1.44 0.829781
1.46 0.46368
1.48 0.15851
1.5 0.0333139
1.52 0.00432432
1.54 0.000348149
1.56 1.74512e-05
1.58 5.46489e-07
1.6 1.07235e-08
1.62 1.32197e-10
1.64 1.02612e-12
1.66 5.02435e-15
1.68 1.55423e-17
1.7 3.04105e-20
1.72 3.76695e-23
1.74 2.95585e-26
1.76 1.46982e-29
1.78 4.63233e-33
1.8 9.25261e-37
1.82 1.17101e-40
1.84 9.38679e-45
1.86 4.76333e-49
1.88 1.52919e-53
1.9 3.10345e-58
1.92 3.97834e-63
1.94 3.21842e-68
1.96 1.64153e-73
1.98 5.27334e-79
2 1.06586e-84


0 1.38881e-11
0.02 1.3888e-11
0.04 1.38878e-11
0.06 1.38875e-11
0.08 1.38889e-11
0.1 1.38876e-11
0.12 1.38892e-11
0.14 1.38881e-11
0.16 1.38886e-11
0.18 1.38669e-11
0.2 9.8104e-12
0.22 -4.50285e-10
0.24 -3.20474e-08
0.26 -1.34464e-06
0.28 -3.42501e-05
0.3 -0.000529933
0.32 -0.00498159
0.34 -0.0284562
0.36 -0.098789
0.38 -0.208453
0.4 -0.267365
0.42 -0.208453
0.44 -0.0987887
0.46 -0.0284561
0.48 -0.00498157
0.5 -0.000529929
0.52 -3.42499e-05
0.54 -1.34463e-06
0.56 -3.17417e-08
0.58 1.74962e-08
0.6 6.81968e-07
0.62 1.66784e-05
0.64 0.000261151
0.66 0.00260236
0.68 0.016392
0.7 0.0647708
0.72 0.159194
0.74 0.241116
0.76 0.22277
0.78 0.124182
0.8 0.0412832
0.82 0.00808549
0.84 0.000921338
0.86 6.03176e-05
0.88 2.24092e-06
0.9 4.672e-08
0.92 1.40514e-09
0.94 2.93921e-08
0.96 6.80294e-07
0.98 1.05393e-05
1 0.00010829
1.02 0.0017687
1.04 0.00977475
1.06 0.0130952
1.08 0.00387537
1.1 0.00107402
1.12 0.00674425
1.14 0.0244178
1.16 0.0520024
1.18 0.0663599
1.2 0.0516013
1.22 0.0248242
1.24 0.00748927
1.26 0.00143413
1.28 0.000176176
1.3 1.40146e-05
1.32 7.27863e-07
1.34 2.50109e-08
1.36 1.63927e-08
1.38 9.41032e-07
1.4 3.26278e-05
1.42 0.000662804
1.44 0.0079269
1.46 0.0561065
1.48 0.23632
1.5 0.595679
1.52 0.903691
1.54 0.829781
1.56 0.46368
1.58 0.15851
1.6 0.0333139
1.62 0.00432432
1.64 0.000348149
1.66 1.74512e-05
1.68 5.46489e-07
1.7 1.07235e-08
1.72 1.32197e-10
1.74 1.02613e-12
1.76 5.02435e-15
1.78 1.55423e-17
1.8 3.04105e-20
1.82 3.76695e-23
1.84 2.95585e-26
1.86 1.46982e-29
1.88 4.63233e-33
1.9 9.25262e-37
1.92 1.17101e-40
1.94 9.3868e-45
1.96 4.76333e-49
1.98 1.52919e-53
2 3.10345e-58


0 1.38873e-11
0.02 1.38883e-11
0.04 1.38884e-11
0.06 1.38884e-11
0.08 1.38668e-11
0.1 9.80831e-12
0.12 -4.50286e-10
0.14 -3.20474e-08
0.16 -1.34464e-06
0.18 -3.42502e-05
0.2 -0.000529933
0.22 -0.00498159
0.24 -0.0284562
0.26 -0.098789
0.28 -0.208453
0.3 -0.267365
0.32 -0.208453
0.34 -0.0987887
0.36 -0.0284561
0.38 -0.00498156
0.4 -0.000529929
0.42 -3.42499e-05
0.44 -1.34463e-06
0.46 -3.17417e-08
0.48 1.74962e-08
0.5 6.81968e-07
0.52 1.66784e-05
0.54 0.000261152
0.56 0.00260236
0.58 0.016392
0.6 0.0647708
0.62 0.159194
0.64 0.241116
0.66 0.22277
0.68 0.124182
0.7 0.0412832
0.72 0.00808549
0.74 0.000921337
0.76 6.03176e-05
0.78 2.24092e-06
0.8 4.672e-08
0.82 1.40514e-09
0.84 2.93921e-08
0.86 6.80294e-07
0.88 1.05393e-05
0.9 0.00010829
0.92 0.00073049
0.94 0.00319749
0.96 0.00896008
0.98 0.0158262
1 0.017308
1.02 0.00712004
1.04 0.00070022
1.06 1.9956e-05
1.08 2.1349e-07
1.1 1.13694e-09
1.12 1.86161e-09
1.14 1.28387e-07
1.16 4.79056e-06
1.18 9.65377e-05
1.2 0.00107402
1.22 0.00674424
1.24 0.0244178
1.26 0.0520024
1.28 0.0663599
1.3 0.0516013
1.32 0.0248242
1.34 0.00748927
1.36 0.00143413
1.38 0.000176176
1.4 1.40146e-05
1.42 7.27863e-07
1.44 2.50109e-08
1.46 1.63927e-08
1.48 9.41032e-07
1.5 3.26278e-05
1.52 0.000662804
1.54 0.00792689
1.56 0.0561065
1.58 0.236319
1.6 0.595679
1.62 0.903691
1.64 0.829781
1.66 0.46368
1.68 0.15851
1.7 0.0333139
1.72 0.00432432
1.74 0.000348149
1.76 1.74512e-05
1.78 5.46489e-07
1.8 1.07235e-08
1.82 1.32197e-10
1.84 1.02613e-12
1.86 5.02436e-15
1.88 1.55423e-17
1.9 3.04105e-20
1.92 3.76695e-23
1.94 2.95586e-26
1.96 1.46982e-29
1.98 4.63234e-33
2 9.25262e-37


0 7.33571e-12
0.02 -4.50324e-10
0.04 -3.20474e-08
0.06 -1.34464e-06
0.08 -3.42502e-05
0.1 -0.000529933
0.12 -0.00498159
0.14 -0.0284562
0.16 -0.098789
0.18 -0.208453
0.2 -0.267365
0.22 -0.208453
0.24 -0.0987887
0.26 -0.0284561
0.28 -0.00498156
0.3 -0.000529929
0.32 -3.42499e-05
0.34 -1.34463e-06
0.36 -3.17417e-08
0.38 1.74962e-08
0.4 6.81968e-07
0.42 1.66784e-05
0.44 0.000261152
0.46 0.00260236
0.48 0.016392
0.5 0.0647708
0.52 0.159194
0.54 0.241116
0.56 0.22277
0.58 0.124182
0.6 0.0412832
0.62 0.00808548
0.64 0.000921337
0.66 6.03176e-05
0.68 2.24092e-06
0.7 4.672e-08
0.72 1.40514e-09
0.74 2.93921e-08
0.76 6.80294e-07
0.78 1.05393e-05
0.8 0.00010829
0.82 0.00073049
0.84 0.00319749
0.86 0.00896008
0.88 0.0158262
0.9 0.017308
0.92 0.011482
0.94 0.0045135
0.96 0.00102366
0.98 0.000129989
1 8.93928e-06
1.02 0.000132593
1.04 0.00157759
1.06 0.00373058
1.08 0.00199999
1.1 0.00034641
1.12 6.12626e-05
1.14 7.1905e-06
1.16 5.66865e-07
1.18 3.03369e-08
1.2 1.13694e-09
1.22 1.86161e-09
1.24 1.28387e-07
1.26 4.79056e-06
1.28 9.65377e-05
1.3 0.00107402
1.32 0.00674424
1.34 0.0244178
1.36 0.0520024
1.38 0.0663599
1.4 0.0516013
1.42 0.0248242
1.44 0.00748927
1.46 0.00143413
1.48 0.000176176
1.5 1.40146e-05
1.52 7.27864e-07
1.54 2.50109e-08
1.56 1.63927e-08
1.58 9.41032e-07
1.6 3.26278e-05
1.62 0.000662803
1.64 0.00792689
1.66 0.0561065
1.68 0.236319
1.7 0.595679
1.72 0.903691
1.74 0.829781
1.76 0.46368
1.78 0.15851
1.8 0.0333139
1.82 0.00432432
1.84 0.000348149
1.86 1.74513e-05
1.88 5.4649e-07
1.9 1.07235e-08
1.92 1.32197e-10
1.94 1.02613e-12
1.96 5.02436e-15
1.98 1.55423e-17
2 3.04105e-20


0 -0.000942036
0.02 -0.00502766
0.04 -0.0284581
0.06 -0.098789
0.08 -0.208453
0.1 -0.267365
0.12 -0.208453
0.14 -0.0987887
0.16 -0.0284561
0.18 -0.00498156
0.2 -0.000529929
0.22 -3.42499e-05
0.24 -1.34463e-06
0.26 -3.17417e-08
0.28 1.74962e-08
0.3 6.81968e-07
0.32 1.66784e-05
0.34 0.000261152
0.36 0.00260236
0.38 0.016392
0.4 0.0647708
0.42 0.159194
0.44 0.241116
0.46 0.22277
0.48 0.124182
0.5 0.0412832
0.52 0.00808548
0.54 0.000921337
0.56 6.03176e-05
0.58 2.24092e-06
0.6 4.67199e-08
0.62 1.40514e-09
0.64 2.93921e-08
0.66 6.80295e-07
0.68 1.05393e-05
0.7 0.00010829
0.72 0.00073049
0.74 0.00319749
0.76 0.00896008
0.78 0.0158262
0.8 0.017308
0.82 0.011482
0.84 0.0045135
0.86 0.00102366
0.88 0.000129989
0.9 8.93928e-06
0.92 3.21164e-07
0.94 5.82256e-09
0.96 1.04558e-10
0.98 1.271e-09
1 2.78386e-08
1.02 1.92634e-06
1.04 5.47505e-05
1.06 0.000459169
1.08 0.00118748
1.1 0.00239315
1.12 0.00427748
1.14 0.00459948
1.16 0.00305512
1.18 0.00128201
1.2 0.00034641
1.22 6.12626e-05
1.24 7.1905e-06
1.26 5.66865e-07
1.28 3.03369e-08
1.3 1.13694e-09
1.32 1.8616e-09
1.34 1.28387e-07
1.36 4.79056e-06
1.38 9.65377e-05
1.4 0.00107402
1.42 0.00674424
1.44 0.0244178
1.46 0.0520024
1.48 0.0663599
1.5 0.0516013
1.52 0.0248242
1.54 0.00748928
1.56 0.00143413
1.58 0.000176176
1.6 1.40146e-05
1.62 7.27864e-07
1.64 2.50109e-08
1.66 1.63927e-08
1.68 9.41031e-07
1.7 3.26278e-05
1.72 0.000662803
1.74 0.00792689
1.76 0.0561065
1.78 0.236319
1.8 0.595679
1.82 0.903691
1.84 0.829781
1.86 0.46368
1.88 0.15851
1.9 0.0333139
1.92 0.00432432
1.94 0.00034815
1.96 1.74513e-05
1.98 5.4649e-07
2 1.07235e-08


0 -0.534066
0.02 -0.427001
0.04 -0.207649
0.06 -0.0614142
0.08 -0.0110459
0.1 -0.001208
0.12 -8.03136e-05
0.14 -3.24554e-06
0.16 -7.93841e-08
0.18 1.67711e-08
0.2 6.81962e-07
0.22 1.66784e-05
0.24 0.000261152
0.26 0.00260236
0.28 0.016392
0.3 0.0647708
0.32 0.159194
0.34 0.241116
0.36 0.22277
0.38 0.124182
0.4 0.0412832
0.42 0.00808548
0.44 0.000921337
0.46 6.03176e-05
0.48 2.24092e-06
0.5 4.67199e-08
0.52 1.40514e-09
0.54 2.93921e-08
0.56 6.80295e-07
0.58 1.05393e-05
0.6 0.00010829
0.62 0.00073049
0.64 0.00319749
0.66 0.00896008
0.68 0.0158262
0.7 0.017308
0.72 0.011482
0.74 0.0045135
0.76 0.00102366
0.78 0.000129989
0.8 8.93928e-06
0.82 3.21164e-07
0.84 5.82256e-09
0.86 1.04558e-10
0.88 1.271e-09
0.9 2.78386e-08
0.92 4.27019e-07
0.94 4.49837e-06
0.96 3.21534e-05
0.98 0.000153816
1 0.000484583
1.02 0.000990898
1.04 0.00059305
1.06 7.17367e-05
1.08 1.43251e-06
1.1 1.72582e-08
1.12 7.10235e-07
1.14 1.41015e-05
1.16 0.000143071
1.18 0.000780648
1.2 0.00239315
1.22 0.00427748
1.24 0.00459948
1.26 0.00305512
1.28 0.00128201
1.3 0.00034641
1.32 6.12626e-05
1.34 7.1905e-06
1.36 5.66865e-07
1.38 3.03369e-08
1.4 1.13694e-09
1.42 1.8616e-09
1.44 1.28387e-07
1.46 4.79056e-06
1.48 9.65376e-05
1.5 0.00107402
1.52 0.00674424
1.54 0.0244178
1.56 0.0520024
1.58 0.0663599
1.6 0.0516013
1.62 0.0248242
1.64 0.00748928
1.66 0.00143413
1.68 0.000176176
1.7 1.40146e-05
1.72 7.27864e-07
1.74 2.50109e-08
1.76 1.63927e-08
1.78 9.41031e-07
1.8 3.26278e-05
1.82 0.000662803
1.84 0.00792689
1.86 0.0561065
1.88 0.236319
1.9 0.595679
1.92 0.903691
1.94 0.829781
1.96 0.46368
1.98 0.15851
2 0.0333139


0 -0.00120799
0.02 -0.00410605
0.04 -0.0244484
0.06 -0.0892042
0.08 -0.197837
0.1 -0.2667
0.12 -0.218531
0.14 -0.108599
0.16 -0.0303557
0.18 0.0103277
0.2 0.0640928
0.22 0.159148
0.24 0.241114
0.26 0.22277
0.28 0.124182
0.3 0.0412832
0.32 0.00808548
0.34 0.000921337
0.36 6.03176e-05
0.38 2.24092e-06
0.4 4.67199e-08
0.42 1.40514e-09
0.44 2.93921e-08
0.46 6.80295e-07
0.48 1.05393e-05
0.5 0.00010829
0.52 0.00073049
0.54 0.00319749
0.56 0.00896008
0.58 0.0158262
0.6 0.017308
0.62 0.011482
0.64 0.0045135
0.66 0.00102366
0.68 0.000129989
0.7 8.93928e-06
0.72 3.21164e-07
0.74 5.82256e-09
0.76 1.04557e-10
0.78 1.271e-09
0.8 2.78386e-08
0.82 4.27019e-07
0.84 4.49837e-06
0.86 3.21534e-05
0.88 0.000153816
0.9 0.000484583
0.92 0.000986297
0.94 0.00126762
0.96 0.00100082
0.98 0.000469416
1 0.000125522
1.02 0.000184416
1.04 0.000252259
1.06 8.46468e-05
1.08 7.91532e-06
1.1 2.94027e-07
1.12 2.30312e-08
1.14 1.27645e-09
1.16 6.3747e-11
1.18 2.0498e-10
1.2 1.72582e-08
1.22 7.10235e-07
1.24 1.41015e-05
1.26 0.000143071
1.28 0.000780648
1.3 0.00239315
1.32 0.00427748
1.34 0.00459948
1.36 0.00305512
1.38 0.00128201
1.4 0.00034641
1.42 6.12626e-05
1.44 7.1905e-06
1.46 5.66865e-07
1.48 3.03369e-08
1.5 1.13694e-09
1.52 1.8616e-09
1.54 1.28387e-07
1.56 4.79056e-06
1.58 9.65376e-05
1.6 0.00107402
1.62 0.00674424
1.64 0.0244178
1.66 0.0520024
1.68 0.0663599
1.7 0.0516013
1.72 0.0248242
1.74 0.00748928
1.76 0.00143413
1.78 0.000176177
1.8 1.40146e-05
1.82 7.27864e-07
1.84 2.50107e-08
1.86 1.63884e-08
1.88 9.4098e-07
1.9 3.26274e-05
1.92 0.000662801
1.94 0.00792688
1.96 0.0561065
1.98 0.236319
2 0.595679


0 1.16542e-06
0.02 1.67045e-05
0.04 0.000261131
0.06 0.00260142
0.08 0.0163667
0.1 0.0643587
0.12 0.155123
0.14 0.216669
0.16 0.133566
0.18 -0.0736548
0.2 -0.225417
0.22 -0.210463
0.24 -0.107939
0.26 -0.0328978
0.28 -0.0060621
0.3 -0.000678022
0.32 -4.60624e-05
0.34 -1.87152e-06
0.36 6.32653e-07
0.38 1.05386e-05
0.4 0.00010829
0.42 0.000730491
0.44 0.00319749
0.46 0.00896008
0.48 0.0158262
0.5 0.017308
0.52 0.011482
0.54 0.0045135
0.56 0.00102366
0.58 0.000129989
0.6 8.93927e-06
0.62 3.21164e-07
0.64 5.82255e-09
0.66 1.04556e-10
0.68 1.271e-09
0.7 2.78386e-08
0.72 4.27019e-07
0.74 4.49837e-06
0.76 3.21534e-05
0.78 0.000153816
0.8 0.000484583
0.82 0.000986297
0.84 0.00126762
0.86 0.00100082
0.88 0.000469416
0.9 0.000125522
0.92 1.81817e-05
0.94 1.33809e-06
0.96 4.61841e-08
0.98 6.90693e-10
1 1.94646e-11
1.02 3.74975e-09
1.04 1.06258e-06
1.06 3.76331e-05
1.08 0.000222996
1.1 0.000301948
1.12 0.000173195
1.14 6.42429e-05
1.16 1.57559e-05
1.18 2.60248e-06
1.2 2.94027e-07
1.22 2.30312e-08
1.24 1.27645e-09
1.26 6.37489e-11
1.28 2.04983e-10
1.3 1.72582e-08
1.32 7.10235e-07
1.34 1.41015e-05
1.36 0.000143071
1.38 0.000780648
1.4 0.00239315
1.42 0.00427748
1.44 0.00459948
1.46 0.00305512
1.48 0.00128201
1.5 0.00034641
1.52 6.12626e-05
1.54 7.19051e-06
1.56 5.66865e-07
1.58 3.03369e-08
1.6 1.13694e-09
1.62 1.8616e-09
1.64 1.28387e-07
1.66 4.79056e-06
1.68 9.65376e-05
1.7 0.00107402
1.72 0.00674424
1.74 0.0244178
1.76 0.0520024
1.78 0.0663599
1.8 0.0516013
1.82 0.0248242
1.84 0.00748927
1.86 0.00143413
1.88 0.000176168
1.9 1.40094e-05
1.92 7.25904e-07
1.94 2.45706e-08
1.96 1.63339e-08
1.98 9.41026e-07
2 3.26278e-05


0 0.122437
0.02 0.178402
0.04 0.24431
0.06 0.223105
0.08 0.124204
0.1 0.0412841
0.12 0.0080855
0.14 0.000921315
0.16 5.93711e-05
0.18 -2.30985e-05
0.2 -0.000412052
0.22 -0.0040718
0.24 -0.0244471
0.26 -0.0892034
0.28 -0.197826
0.3 -0.266592
0.32 -0.217818
0.34 -0.105663
0.36 -0.023998
0.38 0.00976187
0.4 0.0166299
0.42 0.011436
0.44 0.0045116
0.46 0.00102361
0.48 0.000129988
0.5 8.93926e-06
0.52 3.21163e-07
0.54 5.82255e-09
0.56 1.04555e-10
0.58 1.271e-09
0.6 2.78386e-08
0.62 4.27019e-07
0.64 4.49837e-06
0.66 3.21534e-05
0.68 0.000153817
0.7 0.000484583
0.72 0.000986297
0.74 0.00126762
0.76 0.00100082
0.78 0.000469416
0.8 0.000125522
0.82 1.81817e-05
0.84 1.33809e-06
0.86 4.6184e-08
0.88 6.90692e-10
0.9 1.94653e-11
0.92 6.74084e-11
0.94 1.15463e-09
0.96 1.73723e-08
0.98 1.86703e-07
1 1.40195e-06
1.02 1.48514e-05
1.04 5.90971e-05
1.06 6.01647e-05
1.08 1.29021e-05
1.1 2.0621e-06
1.12 1.8593e-05
1.14 8.62772e-05
1.16 0.000221322
1.18 0.000331338
1.2 0.000301948
1.22 0.000173195
1.24 6.42429e-05
1.26 1.57559e-05
1.28 2.60248e-06
1.3 2.94027e-07
1.32 2.30312e-08
1.34 1.27645e-09
1.36 6.37523e-11
1.38 2.04985e-10
1.4 1.72582e-08
1.42 7.10235e-07
1.44 1.41015e-05
1.46 0.000143071
1.48 0.000780648
1.5 0.00239315
1.52 0.00427748
1.54 0.00459948
1.56 0.00305512
1.58 0.00128201
1.6 0.00034641
1.62 6.12627e-05
1.64 7.19051e-06
1.66 5.66861e-07
1.68 3.02866e-08
1.7 7.65926e-10
1.72 1.73544e-10
1.74 1.23673e-07
1.76 4.78251e-06
1.78 9.65292e-05
1.8 0.00107401
1.82 0.00674424
1.84 0.0244178
1.86 0.0520024
1.88 0.0663599
1.9 0.0516013
1.92 0.0248242
1.94 0.00748928
1.96 0.00143413
1.98 0.000176177
2 1.40146e-05


0 0.0884734
0.02 0.121958
0.04 0.215918
0.06 0.244699
0.08 0.169627
0.1 0.0724065
0.12 0.0192079
0.14 0.00319386
0.16 0.000336123
0.18 3.29463e-05
0.2 0.000109248
0.22 0.000730517
0.24 0.00319747
0.26 0.00895914
0.28 0.0158009
0.3 0.0168959
0.32 0.00741023
0.34 -0.0199336
0.36 -0.0881804
0.38 -0.197707
0.4 -0.266691
0.42 -0.218548
0.44 -0.10886
0.46 -0.0329581
0.48 -0.00606434
0.5 -0.000678041
0.52 -4.56368e-05
0.54 2.59746e-06
0.56 3.21058e-05
0.58 0.000153816
0.6 0.000484583
0.62 0.000986297
0.64 0.00126762
0.66 0.00100082
0.68 0.000469416
0.7 0.000125522
0.72 1.81817e-05
0.74 1.33809e-06
0.76 4.6184e-08
0.78 6.9069e-10
0.8 1.94617e-11
0.82 6.74057e-11
0.84 1.15463e-09
0.86 1.73723e-08
0.88 1.86703e-07
0.9 1.40195e-06
0.92 7.24539e-06
0.94 2.53295e-05
0.96 5.8664e-05
0.98 8.77418e-05
1 8.2093e-05
1.02 3.11531e-05
1.04 3.85781e-06
1.06 2.14819e-07
1.08 4.85269e-09
1.1 6.64515e-11
1.12 1.60741e-11
1.14 3.00614e-11
1.16 2.26841e-09
1.18 1.06803e-07
1.2 2.06209e-06
1.22 1.8593e-05
1.24 8.62772e-05
1.26 0.000221322
1.28 0.000331338
1.3 0.000301948
1.32 0.000173195
1.34 6.42429e-05
1.36 1.57559e-05
1.38 2.60248e-06
1.4 2.94027e-07
1.42 2.30312e-08
1.44 1.27646e-09
1.46 6.3752e-11
1.48 2.04984e-10
1.5 1.72581e-08
1.52 7.10235e-07
1.54 1.41015e-05
1.56 0.000143071
1.58 0.000780648
1.6 0.00239315
1.62 0.00427748
1.64 0.00459948
1.66 0.00305511
1.68 0.001282
1.7 0.000346405
1.72 6.12607e-05
1.74 7.19007e-06
1.76 5.66807e-07
1.78 3.03323e-08
1.8 1.13673e-09
1.82 1.8616e-09
1.84 1.28387e-07
1.86 4.79055e-06
1.88 9.65375e-05
1.9 0.00107402
1.92 0.00674424
1.94 0.0244178
1.96 0.0520024
1.98 0.0663599
2 0.0516013


0 1.17328e-07
0.02 1.56343e-06
0.04 4.4554e-05
0.06 0.000720032
0.08 0.00667941
0.1 0.0360332
0.12 0.114603
0.14 0.218194
0.16 0.253599
0.18 0.185451
0.2 0.0897145
0.22 0.0306899
0.24 0.00770733
0.26 0.0013591
0.28 0.000152396
0.3 9.897e-06
0.32 3.47201e-07
0.34 -1.51778e-08
0.36 -9.46325e-07
0.38 -2.53381e-05
0.4 -0.000412071
0.42 -0.00407137
0.44 -0.0244426
0.46 -0.0891719
0.48 -0.197683
0.5 -0.266216
0.52 -0.217562
0.54 -0.107592
0.56 -0.0319573
0.58 -0.00559493
0.6 -0.000552547
0.62 -2.78822e-05
0.64 -5.62825e-07
0.66 -1.45845e-09
0.68 -3.43586e-11
0.7 1.27634e-11
0.72 6.73685e-11
0.74 1.15463e-09
0.76 1.73723e-08
0.78 1.86703e-07
0.8 1.40195e-06
0.82 7.24539e-06
0.84 2.53295e-05
0.86 5.8664e-05
0.88 8.77418e-05
0.9 8.2093e-05
0.92 4.61368e-05
0.94 1.47677e-05
0.96 2.5039e-06
0.98 2.02702e-07
1 6.69143e-09
1.02 2.93124e-07
1.04 5.72427e-06
1.06 1.82642e-05
1.08 1.29445e-05
1.1 3.13967e-06
1.12 7.07143e-07
1.14 1.10122e-07
1.16 1.20572e-08
1.18 9.51573e-10
1.2 6.64545e-11
1.22 1.60762e-11
1.24 3.00628e-11
1.26 2.26841e-09
1.28 1.06803e-07
1.3 2.06209e-06
1.32 1.8593e-05
1.34 8.62771e-05
1.36 0.000221322
1.38 0.000331338
1.4 0.000301948
1.42 0.000173195
1.44 6.42429e-05
1.46 1.57559e-05
1.48 2.60243e-06
1.5 2.93656e-07
1.52 2.13431e-08
1.54 -3.43768e-09
1.56 -7.97635e-09
1.58 -8.12537e-09
1.6 1.20437e-08
1.62 7.08274e-07
1.64 1.4101e-05
1.66 0.000143071
1.68 0.000780648
1.7 0.00239315
1.72 0.00427748
1.74 0.00459948
1.76 0.00305512
1.78 0.00128201
1.8 0.00034641
1.82 6.12627e-05
1.84 7.19049e-06
1.86 5.66785e-07
1.88 3.00812e-08
1.9 6.29047e-10
1.92 1.23923e-09
1.94 1.27923e-07
1.96 4.79034e-06
1.98 9.65375e-05
2 0.00107402


0 0.000195699
0.02 0.000744045
0.04 0.0031984
0.06 0.00896013
0.08 0.0158262
0.1 0.017308
0.12 0.0114836
0.14 0.00455802
0.16 0.00174301
0.18 0.00679885
0.2 0.0359338
0.22 0.113872
0.24 0.214997
0.26 0.244639
0.28 0.169625
0.3 0.0724065
0.32 0.0192083
0.34 0.00319833
0.36 0.000367596
0.38 0.000176224
0.4 0.000485541
0.42 0.000986323
0.44 0.0012676
0.46 0.000999873
0.48 0.000444076
0.5 -0.000286577
0.52 -0.00405362
0.54 -0.0244457
0.56 -0.089204
0.58 -0.197837
0.6 -0.2667
0.62 -0.218548
0.64 -0.10886
0.66 -0.0329581
0.68 -0.00606416
0.7 -0.000676667
0.72 -3.88185e-05
0.74 2.34286e-05
0.76 5.86164e-05
0.78 8.77411e-05
0.8 8.20929e-05
0.82 4.61368e-05
0.84 1.47677e-05
0.86 2.5039e-06
0.88 2.02702e-07
0.9 6.69143e-09
0.92 8.22923e-11
0.94 1.40975e-11
0.96 1.6147e-11
0.98 6.07393e-11
1 7.21566e-10
1.02 2.81968e-08
1.04 5.15178e-07
1.06 3.04796e-06
1.08 5.48915e-06
1.1 9.03121e-06
1.12 1.92542e-05
1.14 2.42089e-05
1.16 1.8862e-05
1.18 9.45466e-06
1.2 3.13967e-06
1.22 7.07143e-07
1.24 1.10123e-07
1.26 1.20572e-08
1.28 9.51573e-10
1.3 6.64544e-11
1.32 1.60689e-11
1.34 2.98422e-11
1.36 2.26419e-09
1.38 1.06753e-07
1.4 2.06172e-06
1.42 1.85913e-05
1.44 8.62724e-05
1.46 0.000221314
1.48 0.00033133
1.5 0.000301943
1.52 0.000173193
1.54 6.42425e-05
1.56 1.57558e-05
1.58 2.60248e-06
1.6 2.94027e-07
1.62 2.30312e-08
1.64 1.27646e-09
1.66 6.37516e-11
1.68 2.04975e-10
1.7 1.7258e-08
1.72 7.10232e-07
1.74 1.41015e-05
1.76 0.000143071
1.78 0.000780647
1.8 0.00239314
1.82 0.00427748
1.84 0.00459948
1.86 0.00305512
1.88 0.00128201
1.9 0.00034641
1.92 6.12627e-05
1.94 7.19051e-06
1.96 5.66866e-07
1.98 3.03369e-08
2 1.13694e-09


0 0.0348457
0.02 0.0278039
0.04 0.0141998
0.06 0.00464092
0.08 0.000993518
0.1 0.000142535
0.12 1.38756e-05
0.14 9.17024e-07
0.16 4.10528e-08
0.18 2.84134e-09
0.2 5.85599e-08
0.22 1.98904e-06
0.24 4.90229e-05
0.26 0.000751504
0.28 0.00682268
0.3 0.0364094
0.32 0.114858
0.34 0.216264
0.36 0.24564
0.38 0.170094
0.4 0.072532
0.42 0.0192261
0.44 0.00319517
0.46 0.000335489
0.48 2.24077e-05
0.5 9.57751e-07
0.52 2.61054e-08
0.54 -1.98457e-08
0.56 -9.29057e-07
0.58 -2.51527e-05
0.6 -0.000410696
0.62 -0.00406455
0.64 -0.0244218
0.66 -0.0891454
0.68 -0.197749
0.7 -0.266618
0.72 -0.218502
0.74 -0.108845
0.76 -0.0329556
0.78 -0.00606414
0.8 -0.000678062
0.82 -4.60638e-05
0.84 -1.9009e-06
0.86 -4.76264e-08
0.88 -6.64309e-10
0.9 7.14868e-10
0.92 7.75858e-09
0.94 6.06942e-08
0.96 3.35508e-07
0.98 1.28636e-06
1 3.34842e-06
1.02 5.21312e-06
1.04 2.3299e-06
1.06 1.80793e-07
1.08 1.32556e-09
1.1 1.45358e-11
1.12 2.92801e-10
1.14 1.64154e-08
1.16 3.00469e-07
1.18 2.33343e-06
1.2 9.03121e-06
1.22 1.92542e-05
1.24 2.42089e-05
1.26 1.8862e-05
1.28 9.45461e-06
1.3 3.1393e-06
1.32 7.05455e-07
1.34 1.05408e-07
1.36 4.01713e-09
1.38 -7.37878e-09
1.4 -5.14798e-09
1.42 -1.9447e-09
1.44 -4.10328e-10
1.46 2.20966e-09
1.48 1.06798e-07
1.5 2.06209e-06
1.52 1.8593e-05
1.54 8.62771e-05
1.56 0.000221322
1.58 0.000331338
1.6 0.000301948
1.62 0.000173195
1.64 6.42429e-05
1.66 1.57558e-05
1.68 2.60223e-06
1.7 2.9352e-07
1.72 2.24088e-08
1.74 8.13058e-10
1.76 -1.42341e-10
1.78 1.51255e-10
1.8 1.72501e-08
1.82 7.10233e-07
1.84 1.41015e-05
1.86 0.000143071
1.88 0.000780648
1.9 0.00239314
1.92 0.00427748
1.94 0.00459948
1.96 0.00305512
1.98 0.00128201
2 0.000346411


0 2.09615e-05
0.02 0.000102622
0.04 0.000855255
0.06 0.00399052
0.08 0.0107121
0.1 0.0169962
0.12 0.0163223
0.14 0.0096908
0.16 0.00364941
0.18 0.00101735
0.2 0.000618179
0.22 0.000999852
0.24 0.00126854
0.26 0.00100086
0.28 0.000469417
0.3 0.000125552
0.32 1.97437e-05
0.34 4.58626e-05
0.36 0.000719397
0.38 0.00666886
0.4 0.0359248
0.42 0.113872
0.44 0.214997
0.46 0.244639
0.48 0.169625
0.5 0.0724079
0.52 0.0192151
0.54 0.00321916
0.56 0.000394107
0.58 0.000110149
0.6 8.30507e-05
0.62 4.61628e-05
0.64 1.47467e-05
0.66 1.55747e-06
0.68 -2.51367e-05
0.7 -0.000412092
0.72 -0.0040718
0.74 -0.0244471
0.76 -0.0892041
0.78 -0.197837
0.8 -0.2667
0.82 -0.218548
0.84 -0.10886
0.86 -0.0329578
0.88 -0.00606306
0.9 -0.000674721
0.92 -4.0301e-05
0.94 4.43946e-06
0.96 4.21801e-06
0.98 1.65014e-06
1 3.35989e-07
1.02 7.436e-07
1.04 1.35579e-06
1.06 6.04832e-07
1.08 8.03801e-08
1.1 4.65874e-09
1.12 5.0803e-10
1.14 5.19816e-11
1.16 1.1865e-11
1.18 -3.62946e-11
1.2 -3.56482e-10
1.22 -1.39526e-09
1.24 1.17013e-08
1.26 2.92429e-07
1.28 2.3251e-06
1.3 9.02599e-06
1.32 1.92523e-05
1.34 2.42085e-05
1.36 1.88619e-05
1.38 9.45466e-06
1.4 3.13967e-06
1.42 7.07143e-07
1.44 1.10123e-07
1.46 1.20572e-08
1.48 9.51565e-10
1.5 6.62845e-11
1.52 1.40212e-11
1.54 1.39801e-11
1.56 2.18782e-09
1.58 1.06547e-07
1.6 2.06159e-06
1.62 1.85923e-05
1.64 8.62767e-05
1.66 0.000221321
1.68 0.000331338
1.7 0.000301948
1.72 0.000173195
1.74 6.4243e-05
1.76 1.57559e-05
1.78 2.60249e-06
1.8 2.94028e-07
1.82 2.30312e-08
1.84 1.27645e-09
1.86 6.3668e-11
1.88 2.04293e-10
1.9 1.72544e-08
1.92 7.1022e-07
1.94 1.41014e-05
1.96 0.000143071
1.98 0.000780647
2 0.00239314


0 4.85887e-08
0.02 4.28761e-07
0.04 4.49847e-06
0.06 3.21572e-05
0.08 0.000154039
0.1 0.000491187
0.12 0.0010886
0.14 0.00212287
0.16 0.00499134
0.18 0.0111815
0.2 0.0171217
0.22 0.0163401
0.24 0.00968764
0.26 0.00361731
0.28 0.00086353
0.3 0.000133596
0.32 1.35546e-05
0.34 9.12356e-07
0.36 5.83206e-08
0.38 1.88274e-07
0.4 1.43267e-06
0.42 8.80741e-06
0.44 6.98541e-05
0.46 0.000778015
0.48 0.0067566
0.5 0.0360069
0.52 0.113918
0.54 0.215012
0.56 0.244641
0.58 0.169625
0.6 0.0724065
0.62 0.0192079
0.64 0.00319383
0.66 0.000335443
0.68 2.24071e-05
0.7 9.58454e-07
0.72 3.37967e-08
0.74 3.96939e-08
0.76 -6.10921e-07
0.78 -2.4053e-05
0.8 -0.00040875
0.82 -0.00406604
0.84 -0.0244407
0.86 -0.0891998
0.88 -0.197835
0.9 -0.2667
0.92 -0.218548
0.94 -0.10886
0.96 -0.0329576
0.98 -0.00605158
1 -0.000492154
1.02 -3.52922e-06
1.04 -4.35605e-09
1.06 1.18908e-07
1.08 9.9868e-07
1.1 1.6737e-06
1.12 1.12533e-06
1.14 4.9494e-07
1.16 1.42258e-07
1.18 2.30835e-08
1.2 -5.55686e-10
1.22 -1.45273e-09
1.24 -3.88189e-10
1.26 -4.26593e-11
1.28 9.36336e-12
1.3 1.43207e-11
1.32 2.92795e-10
1.34 1.64154e-08
1.36 3.00469e-07
1.38 2.33343e-06
1.4 9.03121e-06
1.42 1.92542e-05
1.44 2.42089e-05
1.46 1.88619e-05
1.48 9.4544e-06
1.5 3.13916e-06
1.52 7.06521e-07
1.54 1.09659e-07
1.56 1.18511e-08
1.58 8.97845e-10
1.6 5.84085e-11
1.62 1.53992e-11
1.64 3.00313e-11
1.66 2.26841e-09
1.68 1.06803e-07
1.7 2.06209e-06
1.72 1.8593e-05
1.74 8.62771e-05
1.76 0.000221322
1.78 0.000331338
1.8 0.000301948
1.82 0.000173195
1.84 6.42429e-05
1.86 1.57558e-05
1.88 2.60245e-06
1.9 2.94007e-07
1.92 2.30249e-08
1.94 1.27537e-09
1.96 6.36525e-11
1.98 2.0498e-10
2 1.72581e-08


0 0.000925058
0.02 0.00116214
0.04 0.00130592
0.06 0.00100639
0.08 0.000469965
0.1 0.000125559
0.12 1.81834e-05
0.14 1.33818e-06
0.16 4.99242e-08
0.18 2.22569e-07
0.2 6.60386e-06
0.22 0.000102301
0.24 0.00085525
0.26 0.00399054
0.28 0.0107123
0.3 0.0169976
0.32 0.0163291
0.34 0.00971163
0.36 0.00367593
0.38 0.000951271
0.4 0.000215689
0.42 5.96912e-05
0.44 1.56789e-05
0.46 2.54484e-06
0.48 2.04272e-07
0.5 3.74127e-08
0.52 1.56211e-06
0.54 4.45245e-05
0.56 0.000719351
0.58 0.00666886
0.6 0.0359248
0.62 0.113872
0.64 0.214997
0.66 0.244639
0.68 0.169626
0.7 0.0724099
0.72 0.0192136
0.74 0.00320017
0.76 0.000339709
0.78 2.40579e-05
0.8 1.29373e-06
0.82 5.73338e-08
0.84 -6.45787e-09
0.86 -4.13115e-07
0.88 -1.25734e-05
0.9 -0.000226183
0.92 -0.00242395
0.94 -0.0155551
0.96 -0.0599843
0.98 -0.139352
1 -0.195393
1.02 -0.100734
1.04 -0.0117319
1.06 -0.000317985
1.08 -2.07439e-06
1.1 -5.84249e-09
1.12 4.3422e-08
1.14 2.81276e-07
1.16 8.90937e-07
1.18 1.5752e-06
1.2 1.67407e-06
1.22 1.12702e-06
1.24 4.99654e-07
1.26 1.50299e-07
1.28 3.14138e-08
1.3 4.65858e-09
1.32 5.05983e-10
1.34 3.61196e-11
1.36 -6.44997e-11
1.38 -2.41776e-10
1.4 -4.93362e-10
1.42 -3.29568e-10
1.44 1.5952e-08
1.46 3.00263e-07
1.48 2.33338e-06
1.5 9.0312e-06
1.52 1.92542e-05
1.54 2.42089e-05
1.56 1.8862e-05
1.58 9.45466e-06
1.6 3.13967e-06
1.62 7.07143e-07
1.64 1.10123e-07
1.66 1.20572e-08
1.68 9.50883e-10
1.7 6.26936e-11
1.72 2.71001e-12
1.74 -4.46509e-13
1.76 2.22455e-09
1.78 1.06764e-07
1.8 2.06207e-06
1.82 1.85929e-05
1.84 8.62771e-05
1.86 0.000221322
1.88 0.000331338
1.9 0.000301948
1.92 0.000173195
1.94 6.4243e-05
1.96 1.57559e-05
1.98 2.60249e-06
2 2.94028e-07


0 0.00027261
0.02 0.000440446
0.04 0.000951766
0.06 0.00126615
0.08 0.00103293
0.1 0.000530787
0.12 0.000175845
0.14 3.82977e-05
0.16 5.59107e-06
0.18 7.36403e-07
0.2 1.43912e-06
0.22 7.24713e-06
0.24 2.53296e-05
0.26 5.86678e-05
0.28 8.79637e-05
0.3 8.86968e-05
0.32 0.000148438
0.34 0.000870017
0.36 0.00399302
0.38 0.0107123
0.4 0.0169962
0.42 0.0163219
0.44 0.00968631
0.46 0.00361726
0.48 0.00086353
0.5 0.000133597
0.52 1.35623e-05
0.54 9.71896e-07
0.56 3.76456e-07
0.58 1.28793e-06
0.6 3.37914e-06
0.62 7.3249e-06
0.64 5.08649e-05
0.66 0.000723616
0.68 0.00667051
0.7 0.0359252
0.72 0.113872
0.74 0.214997
0.76 0.244639
0.78 0.169638
0.8 0.0725924
0.82 0.0208557
0.84 0.0120858
0.86 0.0295552
0.88 0.0585066
0.9 0.0713088
0.92 0.0529649
0.94 0.0239645
0.96 0.00660351
0.98 0.00108337
1 -0.000298512
1.02 -0.011545
1.04 -0.100715
1.06 -0.195365
1.08 -0.0848983
1.1 -0.0107822
1.12 -0.00148017
1.14 -0.000126175
1.16 -6.70313e-06
1.18 -2.22103e-07
1.2 -6.28232e-10
1.22 4.53807e-08
1.24 2.817e-07
1.26 8.90915e-07
1.28 1.57495e-06
1.3 1.67357e-06
1.32 1.12639e-06
1.34 4.99191e-07
1.36 1.50092e-07
1.38 3.13601e-08
1.4 4.6507e-09
1.42 5.07361e-10
1.44 5.21708e-11
1.46 1.60859e-11
1.48 1.39921e-11
1.5 1.4535e-11
1.52 2.928e-10
1.54 1.64154e-08
1.56 3.00469e-07
1.58 2.33343e-06
1.6 9.0312e-06
1.62 1.92542e-05
1.64 2.42089e-05
1.66 1.8862e-05
1.68 9.45462e-06
1.7 3.13965e-06
1.72 7.07137e-07
1.74 1.10122e-07
1.76 1.20571e-08
1.78 9.5157e-10
1.8 6.64544e-11
1.82 1.60765e-11
1.84 3.00626e-11
1.86 2.2684e-09
1.88 1.06803e-07
1.9 2.06209e-06
1.92 1.8593e-05
1.94 8.62771e-05
1.96 0.000221322
1.98 0.000331338
2 0.000301948


0 2.73835e-11
0.02 4.88949e-10
0.04 3.26663e-08
0.06 1.00756e-06
0.08 1.46433e-05
0.1 0.000107866
0.12 0.000429509
0.14 0.000975758
0.16 0.00132476
0.18 0.00112067
0.2 0.00061288
0.22 0.000221982
0.24 5.30643e-05
0.26 8.07759e-06
0.28 7.52401e-07
0.3 4.38669e-08
0.32 1.82373e-09
0.34 1.01512e-10
0.36 3.75639e-09
0.38 2.21939e-07
0.4 6.60455e-06
0.42 0.000102309
0.44 0.00085531
0.46 0.00399085
0.48 0.0107134
0.5 0.0169995
0.52 0.0163276
0.54 0.00969265
0.56 0.00362153
0.58 0.000865181
0.6 0.000133932
0.62 1.35858e-05
0.64 9.25745e-07
0.66 5.74262e-07
0.68 1.27675e-05
0.7 0.000185946
0.72 0.00164941
0.74 0.0089365
0.76 0.0299391
0.78 0.0651531
0.8 0.107233
0.82 0.166837
0.84 0.238961
0.86 0.251243
0.88 0.170734
0.9 0.0725201
0.92 0.0192151
0.94 0.00319413
0.96 0.000335447
0.98 2.23887e-05
1 4.19991e-07
1.02 -3.59105e-05
1.04 -0.00164641
1.06 -0.0193132
1.08 -0.0669735
1.1 -0.148902
1.12 -0.237115
1.14 -0.228918
1.16 -0.134713
1.18 -0.0485721
1.2 -0.0107822
1.22 -0.00148018
1.24 -0.000126176
1.26 -6.70334e-06
1.28 -2.22156e-07
1.3 -6.36111e-10
1.32 4.53821e-08
1.34 2.81716e-07
1.36 8.90996e-07
1.38 1.57521e-06
1.4 1.67407e-06
1.42 1.12702e-06
1.44 4.99654e-07
1.46 1.50299e-07
1.48 3.14131e-08
1.5 4.65499e-09
1.52 4.94672e-10
1.54 2.16931e-11
1.56 -2.77715e-11
1.58 -2.48143e-11
1.6 -6.03382e-12
1.62 2.86476e-10
1.64 1.64143e-08
1.66 3.00469e-07
1.68 2.33343e-06
1.7 9.0312e-06
1.72 1.92542e-05
1.74 2.42089e-05
1.76 1.8862e-05
1.78 9.45466e-06
1.8 3.13967e-06
1.82 7.07143e-07
1.84 1.10122e-07
1.86 1.20566e-08
1.88 9.49822e-10
1.9 6.35301e-11
1.92 1.30173e-11
1.94 2.81244e-11
1.96 2.26769e-09
1.98 1.06803e-07
2 2.06209e-06


0 2.56703e-06
0.02 7.47756e-06
0.04 2.53519e-05
0.06 5.86656e-05
0.08 8.77419e-05
0.1 8.20929e-05
0.12 4.61372e-05
0.14 1.47992e-05
0.16 3.49408e-06
0.18 1.46593e-05
0.2 0.00010647
0.22 0.000422264
0.24 0.000950428
0.26 0.0012661
0.28 0.00103293
0.3 0.000530788
0.32 0.000175853
0.34 3.83573e-05
0.36 5.90921e-06
0.38 1.83606e-06
0.4 3.3856e-06
0.42 5.76462e-06
0.44 6.34046e-06
0.46 4.26939e-06
0.48 1.87275e-06
0.5 6.93983e-06
0.52 0.000102332
0.54 0.000855263
0.56 0.00399105
0.58 0.0107249
0.6 0.0171821
0.62 0.0179697
0.64 0.0185783
0.66 0.032837
0.68 0.0593478
0.7 0.0714415
0.72 0.0529784
0.74 0.0239655
0.76 0.0066045
0.78 0.00110871
0.8 0.000113616
0.82 8.76921e-06
0.84 4.48261e-05
0.86 0.000719354
0.88 0.00666884
0.9 0.0359243
0.92 0.11386
0.94 0.214813
0.96 0.2429
0.98 0.159243
1 0.033483
1.02 -0.0454857
1.04 -0.0358935
1.06 -0.00575267
1.08 -0.00019641
1.1 -6.52964e-06
1.12 -0.000138678
1.14 -0.0017305
1.16 -0.0127936
1.18 -0.0563731
1.2 -0.148902
1.22 -0.237115
1.24 -0.228918
1.26 -0.134713
1.28 -0.0485721
1.3 -0.0107822
1.32 -0.00148017
1.34 -0.000126175
1.36 -6.70314e-06
1.38 -2.22103e-07
1.4 -6.31829e-10
1.42 4.53694e-08
1.44 2.81686e-07
1.46 8.90952e-07
1.48 1.57517e-06
1.5 1.67405e-06
1.52 1.12701e-06
1.54 4.99653e-07
1.56 1.50299e-07
1.58 3.14138e-08
1.6 4.65875e-09
1.62 5.08038e-10
1.64 5.22022e-11
1.66 1.60867e-11
1.68 1.39918e-11
1.7 1.45316e-11
1.72 2.92771e-10
1.74 1.64152e-08
1.76 3.00468e-07
1.78 2.33343e-06
1.8 9.0312e-06
1.82 1.92542e-05
1.84 2.42089e-05
1.86 1.8862e-05
1.88 9.45466e-06
1.9 3.13967e-06
1.92 7.07144e-07
1.94 1.10123e-07
1.96 1.20572e-08
1.98 9.51575e-10
2 6.64545e-11


0 0.000166588
0.02 0.000135209
0.04 7.70845e-05
0.06 3.05785e-05
0.08 8.56245e-06
0.1 1.68734e-06
0.12 2.32247e-07
0.14 2.23773e-08
0.16 1.53693e-09
0.18 1.34503e-10
0.2 7.26264e-10
0.22 8.18017e-09
0.24 9.22059e-08
0.26 1.32569e-06
0.28 1.57429e-05
0.3 0.000109812
0.32 0.000428027
0.34 0.000956768
0.36 0.00127036
0.38 0.00103458
0.4 0.000531123
0.42 0.000175876
0.44 3.83111e-05
0.46 6.10701e-06
0.48 1.33156e-05
0.5 0.000185953
0.52 0.00164785
0.54 0.00889197
0.56 0.0292198
0.58 0.0584845
0.6 0.0713145
0.62 0.0530672
0.64 0.0248198
0.66 0.010595
0.68 0.0118208
0.7 0.0171097
0.72 0.0163291
0.74 0.00968661
0.76 0.00361727
0.78 0.000863512
0.8 0.000133058
0.82 1.1349e-06
0.84 -0.000183216
0.86 -0.00173831
0.88 -0.0103814
0.9 -0.0389235
0.92 -0.0908563
0.94 -0.130782
0.96 -0.114316
0.98 -0.0544298
1 0.0165491
1.02 0.128668
1.04 0.148091
1.06 0.0390372
1.08 0.00254488
1.1 5.65777e-05
1.12 3.02473e-06
1.14 1.05467e-07
1.16 -1.52635e-09
1.18 -1.77784e-07
1.2 -6.52913e-06
1.22 -0.000138678
1.24 -0.0017305
1.26 -0.0127936
1.28 -0.0563731
1.3 -0.148902
1.32 -0.237115
1.34 -0.228918
1.36 -0.134713
1.38 -0.0485721
1.4 -0.0107822
1.42 -0.00148018
1.44 -0.000126175
1.46 -6.70314e-06
1.48 -2.22103e-07
1.5 -6.28071e-10
1.52 4.53827e-08
1.54 2.81716e-07
1.56 8.90996e-07
1.58 1.57521e-06
1.6 1.67407e-06
1.62 1.12702e-06
1.64 4.99654e-07
1.66 1.50298e-07
1.68 3.14121e-08
1.7 4.65582e-09
1.72 5.04979e-10
1.74 5.0264e-11
1.76 1.53747e-11
1.78 1.38487e-11
1.8 1.45204e-11
1.82 2.92799e-10
1.84 1.64154e-08
1.86 3.00469e-07
1.88 2.33343e-06
1.9 9.0312e-06
1.92 1.92542e-05
1.94 2.42089e-05
1.96 1.8862e-05
1.98 9.45466e-06
2 3.13967e-06


0 1.65359e-08
0.02 1.50611e-07
0.04 2.0174e-06
0.06 1.27431e-05
0.08 4.22685e-05
0.1 7.93553e-05
0.12 8.90798e-05
0.14 6.23775e-05
0.16 2.84101e-05
0.18 9.64611e-06
0.2 5.02907e-06
0.22 5.99504e-06
0.24 6.36274e-06
0.26 4.26717e-06
0.28 1.65094e-06
0.3 3.36e-07
0.32 3.17172e-08
0.34 4.6054e-08
0.36 1.5235e-06
0.38 2.72225e-05
0.4 0.000292379
0.42 0.00207011
0.44 0.0098424
0.46 0.0304859
0.48 0.0595172
0.5 0.0718387
0.52 0.0531407
0.54 0.0240028
0.56 0.00661003
0.58 0.00110926
0.6 0.000113623
0.62 7.20893e-06
0.64 3.01665e-07
0.66 7.39238e-09
0.68 2.03505e-07
0.7 6.06609e-06
0.72 8.98813e-05
0.74 0.000671122
0.76 0.00225216
0.78 0.000330661
0.8 -0.0219274
0.82 -0.074536
0.84 -0.12114
0.86 -0.111418
0.88 -0.0602351
0.9 -0.0192421
0.92 -0.00361066
0.94 -0.000393938
0.96 -2.46884e-05
0.98 -8.75095e-07
1 1.28227e-08
1.02 1.22147e-05
1.04 0.00142235
1.06 0.0320729
1.08 0.149957
1.1 0.173146
1.12 0.0869994
1.14 0.0273142
1.16 0.00542547
1.18 0.000689369
1.2 5.65777e-05
1.22 3.02472e-06
1.24 1.05437e-07
1.26 -1.57021e-09
1.28 -1.77823e-07
1.3 -6.52915e-06
1.32 -0.000138678
1.34 -0.0017305
1.36 -0.0127936
1.38 -0.0563731
1.4 -0.148902
1.42 -0.237115
1.44 -0.228918
1.46 -0.134713
1.48 -0.0485721
1.5 -0.0107822
1.52 -0.00148018
1.54 -0.000126175
1.56 -6.70314e-06
1.58 -2.22105e-07
1.6 -6.30998e-10
1.62 4.53797e-08
1.64 2.81714e-07
1.66 8.90995e-07
1.68 1.57521e-06
1.7 1.67407e-06
1.72 1.12702e-06
1.74 4.99654e-07
1.76 1.50299e-07
1.78 3.14139e-08
1.8 4.65875e-09
1.82 5.08038e-10
1.84 5.22021e-11
1.86 1.60855e-11
1.88 1.39843e-11
1.9 1.45017e-11
1.92 2.92703e-10
1.94 1.64152e-08
1.96 3.00469e-07
1.98 2.33343e-06
2 9.0312e-06


0 1.26878e-09
0.02 7.82097e-09
0.04 6.06974e-08
0.06 3.35508e-07
0.08 1.2864e-06
0.1 3.3529e-06
0.12 5.91341e-06
0.14 8.35776e-06
0.16 1.70088e-05
0.18 4.39193e-05
0.2 7.96906e-05
0.22 8.91033e-05
0.24 6.23314e-05
0.26 2.86079e-05
0.28 2.11257e-05
0.3 0.000187596
0.32 0.00164808
0.34 0.008892
0.36 0.0292198
0.38 0.0584842
0.4 0.0713079
0.42 0.0529648
0.44 0.0239646
0.46 0.00660545
0.48 0.00112317
0.5 0.000220049
0.52 0.000429471
0.54 0.000950729
0.56 0.0012661
0.58 0.00103291
0.6 0.000530249
0.62 0.000163425
0.64 -0.00014583
0.66 -0.00173278
0.68 -0.0103809
0.7 -0.0389235
0.72 -0.0908579
0.74 -0.130827
0.76 -0.115035
0.78 -0.0610984
0.8 -0.0193691
0.82 -0.00352192
0.84 0.000460399
0.86 0.00396579
0.88 0.0107112
0.9 0.0169961
0.92 0.0163219
0.94 0.00968642
0.96 0.0036198
0.98 0.000901723
1 0.000514732
1.02 0.00642566
1.04 0.0330857
1.06 0.0407815
1.08 0.0109359
1.1 0.00270341
1.12 0.0181752
1.14 0.0700467
1.16 0.157939
1.18 0.212323
1.2 0.173146
1.22 0.0869994
1.24 0.0273142
1.26 0.00542547
1.28 0.00068937
1.3 5.65777e-05
1.32 3.02473e-06
1.34 1.05468e-07
1.36 -1.52635e-09
1.38 -1.77784e-07
1.4 -6.52913e-06
1.42 -0.000138678
1.44 -0.0017305
1.46 -0.0127936
1.48 -0.0563731
1.5 -0.148902
1.52 -0.237115
1.54 -0.228918
1.56 -0.134713
1.58 -0.0485721
1.6 -0.0107822
1.62 -0.00148018
1.64 -0.000126175
1.66 -6.70314e-06
1.68 -2.22103e-07
1.7 -6.28076e-10
1.72 4.53827e-08
1.74 2.81716e-07
1.76 8.90996e-07
1.78 1.57521e-06
1.8 1.67407e-06
1.82 1.12702e-06
1.84 4.99654e-07
1.86 1.50298e-07
1.88 3.14137e-08
1.9 4.65867e-09
1.92 5.0802e-10
1.94 5.22001e-11
1.96 1.60866e-11
1.98 1.39921e-11
2 1.45351e-11


0 6.44703e-06
0.02 7.20381e-06
0.04 6.73062e-06
0.06 4.33881e-06
0.08 1.66053e-06
0.1 3.36907e-07
0.12 3.1358e-08
0.14 1.45455e-08
0.16 5.33315e-07
0.18 1.2766e-05
0.2 0.00018592
0.22 0.001648
0.24 0.008894
0.26 0.0292325
0.28 0.0585265
0.3 0.0713872
0.32 0.0530539
0.34 0.0240269
0.36 0.00663253
0.38 0.00111707
0.4 0.000115266
0.42 7.43934e-06
0.44 3.23941e-07
0.46 5.17293e-09
0.48 -1.82989e-08
0.5 -5.37738e-07
0.52 -1.24192e-05
0.54 -0.000184095
0.56 -0.00173736
0.58 -0.010367
0.6 -0.0388171
0.62 -0.0904357
0.64 -0.129876
0.66 -0.113769
0.68 -0.0600657
0.7 -0.0188449
0.72 -0.00344837
0.74 -0.000356553
0.76 -1.91556e-05
0.78 -3.26964e-07
0.8 1.9277e-08
0.82 4.22536e-09
0.84 1.11875e-07
0.86 2.53541e-06
0.88 3.84142e-05
0.9 0.00038774
0.92 0.00259211
0.94 0.0113742
0.96 0.0323322
0.98 0.0586354
1 0.0669193
1.02 0.0301524
1.04 0.0036243
1.06 0.000136425
1.08 1.75627e-06
1.1 9.7448e-09
1.12 3.34515e-09
1.14 2.54213e-07
1.16 1.03308e-05
1.18 0.000225592
1.2 0.00270341
1.22 0.0181752
1.24 0.0700467
1.26 0.157939
1.28 0.212323
1.3 0.173146
1.32 0.0869994
1.34 0.0273142
1.36 0.00542548
1.38 0.00068937
1.4 5.65778e-05
1.42 3.02473e-06
1.44 1.05466e-07
1.46 -1.52706e-09
1.48 -1.77784e-07
1.5 -6.52913e-06
1.52 -0.000138678
1.54 -0.0017305
1.56 -0.0127936
1.58 -0.0563731
1.6 -0.148902
1.62 -0.237115
1.64 -0.228918
1.66 -0.134713
1.68 -0.0485721
1.7 -0.0107822
1.72 -0.00148018
1.74 -0.000126175
1.76 -6.70314e-06
1.78 -2.22103e-07
1.8 -6.28155e-10
1.82 4.53827e-08
1.84 2.81716e-07
1.86 8.90996e-07
1.88 1.57521e-06
1.9 1.67407e-06
1.92 1.12702e-06
1.94 4.99654e-07
1.96 1.50299e-07
1.98 3.14139e-08
2 4.65875e-09


0 7.42939e-07
0.02 1.48316e-06
0.04 3.99639e-06
0.06 6.76898e-06
0.08 1.87062e-05
0.1 0.000189519
0.12 0.00164929
0.14 0.00889237
0.16 0.0292198
0.18 0.0584843
0.2 0.0713079
0.22 0.0529648
0.24 0.0239645
0.26 0.00660445
0.28 0.00110871
0.3 0.00011359
0.32 7.35771e-06
0.34 2.31896e-06
0.36 1.27467e-05
0.38 4.22501e-05
0.4 7.88169e-05
0.42 7.66524e-05
0.44 -0.00012181
0.46 -0.00171028
0.48 -0.0103731
0.5 -0.0389218
0.52 -0.0908577
0.54 -0.130827
0.56 -0.115035
0.58 -0.0610986
0.6 -0.0193757
0.62 -0.00362422
0.64 -0.000394818
0.66 -2.37391e-05
0.68 1.35799e-05
0.7 0.000106446
0.72 0.000422266
0.74 0.00095054
0.76 0.00126863
0.78 0.00107112
0.8 0.000911923
0.82 0.00266566
0.84 0.0105572
0.86 0.0283473
0.88 0.0479238
0.9 0.0499232
0.92 0.0313678
0.94 0.011603
0.96 0.0024582
0.98 0.000289426
1 2.48653e-05
1.02 0.00071329
1.04 0.00950477
1.06 0.0247123
1.08 0.014345
1.1 0.00265555
1.12 0.000485963
1.14 5.88654e-05
1.16 4.77833e-06
1.18 2.6266e-07
1.2 9.76537e-09
1.22 3.35144e-09
1.24 2.54214e-07
1.26 1.03308e-05
1.28 0.000225592
1.3 0.00270341
1.32 0.0181752
1.34 0.0700467
1.36 0.157939
1.38 0.212323
1.4 0.173146
1.42 0.0869994
1.44 0.0273142
1.46 0.00542548
1.48 0.00068937
1.5 5.65778e-05
1.52 3.02474e-06
1.54 1.05468e-07
1.56 -1.52634e-09
1.58 -1.77784e-07
1.6 -6.52912e-06
1.62 -0.000138678
1.64 -0.0017305
1.66 -0.0127936
1.68 -0.0563731
1.7 -0.148902
1.72 -0.237115
1.74 -0.228918
1.76 -0.134713
1.78 -0.0485721
1.8 -0.0107822
1.82 -0.00148018
1.84 -0.000126175
1.86 -6.70315e-06
1.88 -2.22103e-07
1.9 -6.28081e-10
1.92 4.53827e-08
1.94 2.81716e-07
1.96 8.90996e-07
1.98 1.57521e-06
2 1.67407e-06


0 0.00033136
0.02 0.00166491
0.04 0.00889273
0.06 0.0292198
0.08 0.0584843
0.1 0.0713081
0.12 0.0529663
0.14 0.0239685
0.16 0.00661069
0.18 0.00111465
0.2 0.000117189
0.22 8.64811e-06
0.24 6.91828e-07
0.26 7.68063e-08
0.28 -8.71137e-09
0.3 -5.36831e-07
0.32 -1.24196e-05
0.34 -0.000184127
0.36 -0.00173835
0.38 -0.0103815
0.4 -0.0389235
0.42 -0.0908578
0.44 -0.130825
0.46 -0.115022
0.48 -0.0610564
0.5 -0.0192963
0.52 -0.00353514
0.54 -0.000332532
0.56 3.34531e-06
0.58 7.48309e-06
0.6 1.66275e-06
0.62 2.34649e-07
0.64 1.34151e-07
0.66 2.5332e-06
0.68 3.81924e-05
0.7 0.000381136
0.72 0.00248981
0.74 0.010519
0.76 0.0283427
0.78 0.0479377
0.8 0.0500296
0.82 0.0317901
0.84 0.0125534
0.86 0.00372429
0.88 0.00132213
0.9 0.000549049
0.92 0.000176442
0.94 3.83063e-05
0.96 5.57404e-06
0.98 5.60197e-07
1 2.64488e-07
1.02 1.56885e-05
1.04 0.000422023
1.06 0.00331021
1.08 0.00770913
1.1 0.0145867
1.12 0.0275721
1.14 0.0311703
1.16 0.0216597
1.18 0.00946827
1.2 0.00265555
1.22 0.000485964
1.24 5.88654e-05
1.26 4.77833e-06
1.28 2.6266e-07
1.3 9.76536e-09
1.32 3.35147e-09
1.34 2.54214e-07
1.36 1.03308e-05
1.38 0.000225592
1.4 0.00270341
1.42 0.0181752
1.44 0.0700467
1.46 0.157939
1.48 0.212323
1.5 0.173146
1.52 0.0869995
1.54 0.0273142
1.56 0.00542548
1.58 0.00068937
1.6 5.65778e-05
1.62 3.02474e-06
1.64 1.05468e-07
1.66 -1.52634e-09
1.68 -1.77784e-07
1.7 -6.52912e-06
1.72 -0.000138678
1.74 -0.0017305
1.76 -0.0127936
1.78 -0.0563731
1.8 -0.148902
1.82 -0.237115
1.84 -0.228918
1.86 -0.134713
1.88 -0.0485721
1.9 -0.0107822
1.92 -0.00148018
1.94 -0.000126175
1.96 -6.70315e-06
1.98 -2.22103e-07
2 -6.28084e-10


0 0.142793
0.02 0.113966
0.04 0.0559904
0.06 0.0168458
0.08 0.00310315
0.1 0.000350057
0.12 2.42715e-05
0.14 1.05077e-06
0.16 2.42962e-08
0.18 5.19558e-09
0.2 -2.62503e-07
0.22 -1.09678e-05
0.24 -0.000180145
0.26 -0.00173212
0.28 -0.0103755
0.3 -0.0389199
0.32 -0.0908565
0.34 -0.130826
0.36 -0.115035
0.38 -0.0610986
0.4 -0.0193757
0.42 -0.00362422
0.44 -0.000394849
0.46 -2.47293e-05
0.48 -8.76624e-07
0.5 -1.34209e-08
0.52 1.53013e-07
0.54 2.12917e-06
0.56 1.52748e-05
0.58 8.04607e-05
0.6 0.000460491
0.62 0.00257888
0.64 0.0105812
0.66 0.0283698
0.68 0.0479316
0.7 0.0499249
0.72 0.031368
0.74 0.011603
0.76 0.0024582
0.78 0.000289204
0.8 1.82615e-05
0.82 5.97347e-07
0.84 4.12153e-08
0.86 9.90523e-07
0.88 1.44671e-05
0.9 0.000106691
0.92 0.000425662
0.94 0.000985225
0.96 0.00150727
0.98 0.00214838
1 0.00391669
1.02 0.00674914
1.04 0.0036598
1.06 0.000395511
1.08 6.87595e-06
1.1 6.98472e-08
1.12 3.18833e-06
1.14 6.93662e-05
1.16 0.000762796
1.18 0.00446832
1.2 0.0145866
1.22 0.0275721
1.24 0.0311703
1.26 0.0216597
1.28 0.00946827
1.3 0.00265555
1.32 0.000485964
1.34 5.88654e-05
1.36 4.77833e-06
1.38 2.62661e-07
1.4 9.76534e-09
1.42 3.35137e-09
1.44 2.54213e-07
1.46 1.03308e-05
1.48 0.000225592
1.5 0.00270341
1.52 0.0181752
1.54 0.0700467
1.56 0.157939
1.58 0.212323
1.6 0.173146
1.62 0.0869995
1.64 0.0273142
1.66 0.00542548
1.68 0.00068937
1.7 5.65778e-05
1.72 3.02474e-06
1.74 1.05468e-07
1.76 -1.52635e-09
1.78 -1.77784e-07
1.8 -6.52912e-06
1.82 -0.000138677
1.84 -0.0017305
1.86 -0.0127936
1.88 -0.056373
1.9 -0.148902
1.92 -0.237115
1.94 -0.228918
1.96 -0.134713
1.98 -0.0485721
2 -0.0107822


0 0.000259412
0.02 0.000909792
0.04 0.00564994
0.06 0.021542
0.08 0.0500303
0.1 0.0707792
0.12 0.0609883
0.14 0.0318418
0.16 0.00850301
0.18 -0.00838702
0.2 -0.0386871
0.22 -0.0908409
0.24 -0.130826
0.26 -0.115035
0.28 -0.0610986
0.3 -0.0193754
0.32 -0.00362276
0.34 -0.000390867
0.36 -1.84936e-05
0.38 5.06361e-06
0.4 3.58554e-06
0.42 1.44342e-06
0.44 5.02039e-07
0.46 2.60483e-06
0.48 3.8202e-05
0.5 0.000381137
0.52 0.00248981
0.54 0.0105189
0.56 0.0283417
0.58 0.0479233
0.6 0.0499232
0.62 0.031368
0.64 0.011605
0.66 0.00247094
0.68 0.000331472
0.7 9.76161e-05
0.72 8.9669e-05
0.74 6.23266e-05
0.76 2.8075e-05
0.78 8.37025e-06
0.8 1.90796e-06
0.82 3.63023e-06
0.84 3.48193e-05
0.86 0.000241173
0.88 0.00111545
0.9 0.0033859
0.92 0.00661311
0.94 0.00811646
0.96 0.00608448
0.98 0.00270389
1 0.000778336
1.02 0.00173855
1.04 0.00261478
1.06 0.000943582
1.08 9.37627e-05
1.1 3.66741e-06
1.12 2.95008e-07
1.14 1.6603e-08
1.16 6.56114e-10
1.18 6.95612e-10
1.2 6.98501e-08
1.22 3.18833e-06
1.24 6.93662e-05
1.26 0.000762795
1.28 0.00446832
1.3 0.0145866
1.32 0.0275721
1.34 0.0311703
1.36 0.0216597
1.38 0.00946827
1.4 0.00265555
1.42 0.000485964
1.44 5.88654e-05
1.46 4.77833e-06
1.48 2.62661e-07
1.5 9.76538e-09
1.52 3.35146e-09
1.54 2.54214e-07
1.56 1.03308e-05
1.58 0.000225592
1.6 0.00270341
1.62 0.0181752
1.64 0.0700466
1.66 0.157939
1.68 0.212323
1.7 0.173146
1.72 0.0869995
1.74 0.0273142
1.76 0.00542548
1.78 0.00068937
1.8 5.65778e-05
1.82 3.02474e-06
1.84 1.05468e-07
1.86 -1.52482e-09
1.88 -1.77767e-07
1.9 -6.529e-06
1.92 -0.000138677
1.94 -0.0017305
1.96 -0.0127936
1.98 -0.056373
2 -0.148902


0 -9.21596e-07
0.02 -1.24446e-05
0.04 -0.000184126
0.06 -0.00173814
0.08 -0.0103761
0.1 -0.0388355
0.12 -0.0899554
0.14 -0.125177
0.16 -0.0934932
0.18 -0.0110683
0.2 0.051404
0.22 0.0573765
0.24 0.031631
0.26 0.0102166
0.28 0.00199357
0.3 0.000236454
0.32 1.70668e-05
0.34 8.60985e-07
0.36 2.55232e-06
0.38 3.82159e-05
0.4 0.000381412
0.42 0.00249127
0.44 0.0105229
0.46 0.028348
0.48 0.0479292
0.5 0.0499268
0.52 0.0313693
0.54 0.0116034
0.56 0.00245827
0.58 0.000289214
0.6 1.82624e-05
0.62 5.96988e-07
0.64 9.70686e-09
0.66 3.40925e-10
0.68 1.05358e-08
0.7 2.3179e-07
0.72 3.54859e-06
0.74 3.68143e-05
0.76 0.000253914
0.78 0.00115772
0.8 0.00346526
0.82 0.00670218
0.84 0.00817875
0.86 0.00611157
0.88 0.0026978
0.9 0.000673553
0.92 9.01568e-05
0.94 6.0536e-06
0.96 1.87985e-07
0.98 2.48711e-09
1 4.44254e-11
1.02 2.59168e-08
1.04 8.1467e-06
1.06 0.000328772
1.08 0.00216924
1.1 0.0031585
1.12 0.00189014
1.14 0.000728359
1.16 0.000184924
1.18 3.15279e-05
1.2 3.66741e-06
1.22 2.95008e-07
1.24 1.66028e-08
1.26 6.55887e-10
1.28 6.9544e-10
1.3 6.985e-08
1.32 3.18833e-06
1.34 6.93662e-05
1.36 0.000762795
1.38 0.00446832
1.4 0.0145866
1.42 0.0275721
1.44 0.0311703
1.46 0.0216597
1.48 0.00946827
1.5 0.00265555
1.52 0.000485964
1.54 5.88655e-05
1.56 4.77833e-06
1.58 2.62661e-07
1.6 9.76536e-09
1.62 3.35145e-09
1.64 2.54213e-07
1.66 1.03308e-05
1.68 0.000225592
1.7 0.00270341
1.72 0.0181752
1.74 0.0700466
1.76 0.157939
1.78 0.212323
1.8 0.173146
1.82 0.0869995
1.84 0.0273142
1.86 0.00542548
1.88 0.000689373
1.9 5.65791e-05
1.92 3.0252e-06
1.94 1.05568e-07
1.96 -1.51357e-09
1.98 -1.77783e-07
2 -6.52912e-06


